System Time	RDTSC	Elapsed Time (sec)	 CPU Utilization(%)	CPU Frequency_0(MHz)	Processor Power_0(Watt)	Cumulative Processor Energy_0(Joules)	Cumulative Processor Energy_0(mWh)	IA Power_0(Watt)	Cumulative IA Energy_0(Joules)	Cumulative IA Energy_0(mWh)	Package Temperature_0(C)	Package Hot_0	DRAM Power_0(Watt)	Cumulative DRAM Energy_0(Joules)	Cumulative DRAM Energy_0(mWh)	Package PL1_0(Watt)	Package PL2_0(Watt)	Package PL4_0(Watt)	Platform PsysPL1_0(Watt)	Platform PsysPL2_0(Watt)
17:17:54:808	7,67782E+13	    0.113	   14.000	3200	  26.011	   2.930	   0.814	  14.500	   1.633	   0.454	66	0	   0.535	   0.060	   0.017	  55.000	  75.000	   0.000	 230.000	 280.000
17:17:54:919	7,67785E+13	    0.223	   12.000	3200	  26.079	   5.816	   1.616	  14.875	   3.280	   0.911	61	0	   0.482	   0.114	   0.032	  55.000	  75.000	   0.000	 230.000	 280.000
17:17:55:028	7,67788E+13	    0.332	   13.000	3200	  25.910	   8.634	   2.398	  14.479	   4.854	   1.348	63	0	   0.484	   0.166	   0.046	  55.000	  75.000	   0.000	 230.000	 280.000
17:17:55:137	7,67791E+13	    0.441	   14.000	3200	  25.313	  11.387	   3.163	  13.860	   6.362	   1.767	63	0	   0.544	   0.225	   0.063	  55.000	  75.000	   0.000	 230.000	 280.000
17:17:55:247	7,67794E+13	    0.551	   13.000	3200	  25.677	  14.212	   3.948	  14.284	   7.933	   2.204	58	0	   0.508	   0.281	   0.078	  55.000	  75.000	   0.000	 230.000	 280.000
17:17:55:355	7,67797E+13	    0.660	   15.000	3200	  27.147	  17.166	   4.768	  15.724	   9.644	   2.679	63	0	   0.518	   0.338	   0.094	  55.000	  75.000	   0.000	 230.000	 280.000
17:17:55:463	7,678E+13	    0.768	   12.000	3200	  26.063	  19.978	   5.549	  14.669	  11.227	   3.119	68	0	   0.471	   0.388	   0.108	  55.000	  75.000	   0.000	 230.000	 280.000
17:17:55:574	7,67803E+13	    0.878	   12.000	3200	  25.973	  22.850	   6.347	  14.742	  12.857	   3.571	68	0	   0.457	   0.439	   0.122	  55.000	  75.000	   0.000	 230.000	 280.000
17:17:55:682	7,67806E+13	    0.986	   12.000	3200	  26.346	  25.688	   7.136	  14.898	  14.462	   4.017	69	0	   0.469	   0.489	   0.136	  55.000	  75.000	   0.000	 230.000	 280.000
17:17:55:793	7,67809E+13	    1.097	   12.000	3200	  26.091	  28.592	   7.942	  14.799	  16.109	   4.475	67	0	   0.459	   0.541	   0.150	  55.000	  75.000	   0.000	 230.000	 280.000
17:17:55:901	7,67812E+13	    1.205	   12.000	3200	  25.414	  31.333	   8.703	  14.005	  17.619	   4.894	67	0	   0.459	   0.590	   0.164	  55.000	  75.000	   0.000	 230.000	 280.000
17:17:56:009	7,67815E+13	    1.314	   12.000	3200	  25.854	  34.146	   9.485	  14.487	  19.196	   5.332	65	0	   0.469	   0.641	   0.178	  55.000	  75.000	   0.000	 230.000	 280.000
17:17:56:120	7,67818E+13	    1.424	   12.000	3200	  26.090	  37.020	  10.283	  14.714	  20.817	   5.782	67	0	   0.468	   0.693	   0.192	  55.000	  75.000	   0.000	 230.000	 280.000
17:17:56:231	7,67821E+13	    1.535	   12.000	3200	  26.371	  39.944	  11.096	  14.982	  22.478	   6.244	69	0	   0.469	   0.745	   0.207	  55.000	  75.000	   0.000	 230.000	 280.000
17:17:56:340	7,67824E+13	    1.645	   17.000	3200	  28.078	  43.027	  11.952	  16.642	  24.305	   6.751	69	0	   0.519	   0.802	   0.223	  55.000	  75.000	   0.000	 230.000	 280.000
17:17:56:452	7,67827E+13	    1.756	   12.000	3200	  26.294	  45.951	  12.764	  14.970	  25.970	   7.214	67	0	   0.465	   0.853	   0.237	  55.000	  75.000	   0.000	 230.000	 280.000
17:17:56:563	7,6783E+13	    1.868	   12.000	3200	  26.478	  48.912	  13.587	  15.081	  27.656	   7.682	70	0	   0.457	   0.904	   0.251	  55.000	  75.000	   0.000	 230.000	 280.000
17:17:56:674	7,67833E+13	    1.978	   12.000	3200	  26.421	  51.822	  14.395	  15.073	  29.316	   8.143	71	0	   0.477	   0.957	   0.266	  55.000	  75.000	   0.000	 230.000	 280.000
17:17:56:782	7,67836E+13	    2.087	   12.000	3200	  26.233	  54.680	  15.189	  14.856	  30.935	   8.593	68	0	   0.461	   1.007	   0.280	  55.000	  75.000	   0.000	 230.000	 280.000
17:17:56:892	7,67839E+13	    2.196	   12.000	3200	  26.202	  57.541	  15.983	  14.885	  32.560	   9.044	68	0	   0.457	   1.057	   0.294	  55.000	  75.000	   0.000	 230.000	 280.000
17:17:57:002	7,67842E+13	    2.306	   12.000	3200	  26.265	  60.437	  16.788	  14.975	  34.211	   9.503	66	0	   0.465	   1.108	   0.308	  55.000	  75.000	   0.000	 230.000	 280.000
17:17:57:112	7,67845E+13	    2.416	   12.000	3200	  26.191	  63.318	  17.588	  14.806	  35.840	   9.956	68	0	   0.471	   1.160	   0.322	  55.000	  75.000	   0.000	 230.000	 280.000
17:17:57:223	7,67848E+13	    2.527	   12.000	3200	  26.353	  66.234	  18.398	  14.913	  37.490	  10.414	68	0	   0.470	   1.212	   0.337	  55.000	  75.000	   0.000	 230.000	 280.000
17:17:57:332	7,67851E+13	    2.637	   17.000	3300	  26.954	  69.195	  19.221	  15.545	  39.198	  10.888	72	0	   0.494	   1.266	   0.352	  55.000	  75.000	   0.000	 230.000	 280.000
17:17:57:428	7,67853E+13	    2.732	   12.000	3200	  26.114	  71.682	  19.912	  14.796	  40.607	  11.280	67	0	   0.463	   1.311	   0.364	  55.000	  75.000	   0.000	 230.000	 280.000
17:17:57:538	7,67856E+13	    2.842	   12.000	3200	  25.837	  74.526	  20.702	  14.491	  42.202	  11.723	70	0	   0.463	   1.362	   0.378	  55.000	  75.000	   0.000	 230.000	 280.000
17:17:57:649	7,67859E+13	    2.954	   14.000	3200	  27.238	  77.569	  21.547	  15.808	  43.968	  12.213	67	0	   0.472	   1.414	   0.393	  55.000	  75.000	   0.000	 230.000	 280.000
17:17:57:761	7,67862E+13	    3.065	   12.000	3200	  26.016	  80.471	  22.353	  14.786	  45.618	  12.672	69	0	   0.457	   1.465	   0.407	  55.000	  75.000	   0.000	 230.000	 280.000
17:17:57:873	7,67865E+13	    3.177	   12.000	3200	  26.252	  83.399	  23.166	  14.766	  47.264	  13.129	68	0	   0.456	   1.516	   0.421	  55.000	  75.000	   0.000	 230.000	 280.000
17:17:57:982	7,67868E+13	    3.287	   12.000	3200	  26.472	  86.303	  23.973	  15.038	  48.914	  13.587	69	0	   0.463	   1.567	   0.435	  55.000	  75.000	   0.000	 230.000	 280.000
17:17:58:095	7,67871E+13	    3.399	   12.000	3200	  26.146	  89.239	  24.789	  14.849	  50.581	  14.050	71	0	   0.460	   1.619	   0.450	  55.000	  75.000	   0.000	 230.000	 280.000
17:17:58:205	7,67874E+13	    3.509	   14.000	3200	  27.090	  92.219	  25.616	  15.710	  52.309	  14.530	69	0	   0.503	   1.674	   0.465	  55.000	  75.000	   0.000	 230.000	 280.000
17:17:58:315	7,67877E+13	    3.620	   19.000	3200	  27.766	  95.295	  26.471	  16.326	  54.118	  15.033	67	0	   0.515	   1.731	   0.481	  55.000	  75.000	   0.000	 230.000	 280.000
17:17:58:425	7,6788E+13	    3.729	   12.000	3200	  25.974	  98.140	  27.261	  14.737	  55.732	  15.481	66	0	   0.481	   1.784	   0.495	  55.000	  75.000	   0.000	 230.000	 280.000
17:17:58:537	7,67883E+13	    3.841	   13.000	3200	  26.668	 101.121	  28.089	  15.224	  57.434	  15.954	61	0	   0.489	   1.838	   0.511	  55.000	  75.000	   0.000	 230.000	 280.000
17:17:58:646	7,67886E+13	    3.950	   12.000	3200	  26.130	 103.977	  28.883	  14.848	  59.057	  16.405	65	0	   0.466	   1.889	   0.525	  55.000	  75.000	   0.000	 230.000	 280.000
17:17:58:757	7,67889E+13	    4.061	   12.000	3200	  26.510	 106.912	  29.698	  15.065	  60.725	  16.868	68	0	   0.470	   1.941	   0.539	  55.000	  75.000	   0.000	 230.000	 280.000
17:17:58:867	7,67892E+13	    4.172	   12.000	3200	  26.341	 109.830	  30.508	  14.932	  62.379	  17.328	69	0	   0.457	   1.992	   0.553	  55.000	  75.000	   0.000	 230.000	 280.000
17:17:58:977	7,67895E+13	    4.281	   12.000	3200	  26.181	 112.692	  31.303	  14.887	  64.007	  17.780	65	0	   0.454	   2.042	   0.567	  55.000	  75.000	   0.000	 230.000	 280.000
17:17:59:089	7,67898E+13	    4.393	   12.000	3200	  26.055	 115.604	  32.112	  14.629	  65.641	  18.234	68	0	   0.463	   2.093	   0.581	  55.000	  75.000	   0.000	 230.000	 280.000
17:17:59:197	7,67901E+13	    4.502	   12.000	3200	  26.182	 118.456	  32.904	  14.800	  67.253	  18.681	68	0	   0.471	   2.145	   0.596	  55.000	  75.000	   0.000	 230.000	 280.000
17:17:59:305	7,67904E+13	    4.609	   20.000	3200	  27.673	 121.428	  33.730	  16.392	  69.014	  19.171	64	0	   0.501	   2.198	   0.611	  55.000	  75.000	   0.000	 230.000	 280.000
17:17:59:415	7,67907E+13	    4.719	   12.000	3200	  25.810	 124.269	  34.519	  14.461	  70.606	  19.613	69	0	   0.461	   2.249	   0.625	  55.000	  75.000	   0.000	 230.000	 280.000
17:17:59:527	7,6791E+13	    4.831	   12.000	3200	  26.462	 127.222	  35.339	  15.010	  72.281	  20.078	68	0	   0.464	   2.301	   0.639	  55.000	  75.000	   0.000	 230.000	 280.000
17:17:59:636	7,67913E+13	    4.941	   12.000	3300	  26.448	 130.129	  36.147	  15.057	  73.936	  20.538	68	0	   0.468	   2.352	   0.653	  55.000	  75.000	   0.000	 230.000	 280.000
17:17:59:745	7,67916E+13	    5.049	   12.000	3200	  26.543	 133.017	  36.949	  15.127	  75.581	  20.995	70	0	   0.465	   2.403	   0.667	  55.000	  75.000	   0.000	 230.000	 280.000
17:17:59:854	7,67919E+13	    5.159	   12.000	3200	  25.586	 135.810	  37.725	  14.253	  77.138	  21.427	69	0	   0.461	   2.453	   0.681	  55.000	  75.000	   0.000	 230.000	 280.000
17:17:59:965	7,67922E+13	    5.269	   12.000	3200	  26.243	 138.715	  38.532	  15.051	  78.804	  21.890	69	0	   0.453	   2.503	   0.695	  55.000	  75.000	   0.000	 230.000	 280.000
17:18:00:074	7,67925E+13	    5.378	   16.000	3200	  27.775	 141.732	  39.370	  16.257	  80.569	  22.380	64	0	   0.633	   2.572	   0.714	  55.000	  75.000	   0.000	 230.000	 280.000
17:18:00:182	7,67928E+13	    5.486	   12.000	3200	  26.027	 144.551	  40.153	  14.720	  82.164	  22.823	68	0	   0.460	   2.622	   0.728	  55.000	  75.000	   0.000	 230.000	 280.000
17:18:00:295	7,67931E+13	    5.600	   24.000	3400	  27.744	 147.715	  41.032	  16.407	  84.035	  23.343	59	0	   0.512	   2.680	   0.745	  55.000	  75.000	   0.000	 230.000	 280.000
17:18:00:404	7,67934E+13	    5.708	   12.000	3200	  26.396	 150.551	  41.820	  14.858	  85.631	  23.787	70	0	   0.484	   2.732	   0.759	  55.000	  75.000	   0.000	 230.000	 280.000
17:18:00:515	7,67937E+13	    5.819	   12.000	3200	  26.473	 153.492	  42.637	  15.118	  87.311	  24.253	70	0	   0.465	   2.784	   0.773	  55.000	  75.000	   0.000	 230.000	 280.000
17:18:00:625	7,6794E+13	    5.929	   12.000	3200	  26.479	 156.404	  43.445	  15.105	  88.972	  24.714	67	0	   0.462	   2.835	   0.787	  55.000	  75.000	   0.000	 230.000	 280.000
17:18:00:736	7,67943E+13	    6.040	   12.000	3200	  26.143	 159.311	  44.253	  14.809	  90.619	  25.172	66	0	   0.471	   2.887	   0.802	  55.000	  75.000	   0.000	 230.000	 280.000
17:18:00:845	7,67946E+13	    6.150	   12.000	3200	  26.517	 162.218	  45.061	  15.065	  92.270	  25.631	68	0	   0.487	   2.941	   0.817	  55.000	  75.000	   0.000	 230.000	 280.000
17:18:00:955	7,67949E+13	    6.260	   12.000	3200	  26.388	 165.123	  45.867	  15.041	  93.926	  26.090	69	0	   0.457	   2.991	   0.831	  55.000	  75.000	   0.000	 230.000	 280.000
17:18:01:065	7,67952E+13	    6.369	   13.000	3200	  27.169	 168.086	  46.691	  15.823	  95.652	  26.570	67	0	   0.472	   3.042	   0.845	  55.000	  75.000	   0.000	 230.000	 280.000
17:18:01:175	7,67955E+13	    6.479	   18.000	3200	  28.588	 171.230	  47.564	  17.194	  97.542	  27.095	66	0	   0.491	   3.096	   0.860	  55.000	  75.000	   0.000	 230.000	 280.000
17:18:01:304	7,67958E+13	    6.608	   25.000	3300	  34.817	 175.733	  48.815	  23.382	 100.567	  27.935	61	0	   0.889	   3.211	   0.892	  55.000	  75.000	   0.000	 230.000	 280.000
17:18:01:394	7,67961E+13	    6.698	   13.000	3200	  27.073	 178.162	  49.489	  15.567	 101.964	  28.323	69	0	   0.482	   3.255	   0.904	  55.000	  75.000	   0.000	 230.000	 280.000
17:18:01:504	7,67964E+13	    6.808	   12.000	3200	  26.484	 181.075	  50.299	  15.115	 103.626	  28.785	71	0	   0.467	   3.306	   0.918	  55.000	  75.000	   0.000	 230.000	 280.000
17:18:01:599	7,67966E+13	    6.904	   12.000	3200	  26.689	 183.630	  51.008	  15.241	 105.085	  29.190	71	0	   0.458	   3.350	   0.931	  55.000	  75.000	   0.000	 230.000	 280.000
17:18:01:709	7,67969E+13	    7.014	   12.000	3200	  26.694	 186.571	  51.825	  15.376	 106.779	  29.661	65	0	   0.463	   3.401	   0.945	  55.000	  75.000	   0.000	 230.000	 280.000
17:18:01:821	7,67972E+13	    7.126	   12.000	3200	  26.452	 189.531	  52.648	  15.064	 108.465	  30.129	68	0	   0.465	   3.453	   0.959	  55.000	  75.000	   0.000	 230.000	 280.000
17:18:01:931	7,67975E+13	    7.236	   12.000	3200	  26.471	 192.446	  53.457	  15.143	 110.132	  30.592	66	0	   0.458	   3.503	   0.973	  55.000	  75.000	   0.000	 230.000	 280.000
17:18:02:040	7,67978E+13	    7.344	   12.000	3200	  26.217	 195.286	  54.246	  14.924	 111.749	  31.041	66	0	   0.456	   3.553	   0.987	  55.000	  75.000	   0.000	 230.000	 280.000
17:18:02:150	7,67981E+13	    7.454	   12.000	3200	  26.338	 198.183	  55.051	  14.955	 113.394	  31.498	68	0	   0.467	   3.604	   1.001	  55.000	  75.000	   0.000	 230.000	 280.000
17:18:02:261	7,67984E+13	    7.565	   13.000	3200	  26.682	 201.141	  55.872	  15.286	 115.088	  31.969	69	0	   0.486	   3.658	   1.016	  55.000	  75.000	   0.000	 230.000	 280.000
17:18:02:371	7,67987E+13	    7.675	   15.000	3200	  27.185	 204.143	  56.706	  15.897	 116.844	  32.457	64	0	   0.507	   3.714	   1.032	  55.000	  75.000	   0.000	 230.000	 280.000
17:18:02:483	7,6799E+13	    7.787	   12.000	3200	  26.596	 207.113	  57.531	  15.167	 118.538	  32.927	69	0	   0.460	   3.765	   1.046	  55.000	  75.000	   0.000	 230.000	 280.000
17:18:02:593	7,67993E+13	    7.897	   12.000	3200	  26.669	 210.050	  58.347	  15.332	 120.226	  33.396	70	0	   0.458	   3.816	   1.060	  55.000	  75.000	   0.000	 230.000	 280.000
17:18:02:704	7,67996E+13	    8.009	   12.000	3300	  26.630	 213.022	  59.173	  15.179	 121.920	  33.867	70	0	   0.476	   3.869	   1.075	  55.000	  75.000	   0.000	 230.000	 280.000
17:18:02:812	7,67999E+13	    8.117	   12.000	3200	  26.262	 215.858	  59.961	  14.875	 123.526	  34.313	67	0	   0.463	   3.919	   1.089	  55.000	  75.000	   0.000	 230.000	 280.000
17:18:02:924	7,68002E+13	    8.228	   12.000	3200	  25.767	 218.735	  60.760	  14.556	 125.152	  34.764	70	0	   0.460	   3.970	   1.103	  55.000	  75.000	   0.000	 230.000	 280.000
17:18:03:034	7,68005E+13	    8.338	   13.000	3200	  26.372	 221.631	  61.564	  14.935	 126.792	  35.220	71	0	   0.462	   4.021	   1.117	  55.000	  75.000	   0.000	 230.000	 280.000
17:18:03:146	7,68008E+13	    8.450	   12.000	3200	  26.063	 224.550	  62.375	  14.702	 128.438	  35.677	68	0	   0.464	   4.073	   1.131	  55.000	  75.000	   0.000	 230.000	 280.000
17:18:03:255	7,68011E+13	    8.559	   12.000	3200	  26.283	 227.422	  63.173	  14.962	 130.073	  36.131	68	0	   0.478	   4.125	   1.146	  55.000	  75.000	   0.000	 230.000	 280.000
17:18:03:366	7,68014E+13	    8.670	   15.000	3200	  27.465	 230.455	  64.015	  15.955	 131.835	  36.621	69	0	   0.507	   4.181	   1.161	  55.000	  75.000	   0.000	 230.000	 280.000
17:18:03:476	7,68017E+13	    8.780	   12.000	3200	  26.257	 233.350	  64.819	  14.946	 133.483	  37.079	66	0	   0.460	   4.232	   1.175	  55.000	  75.000	   0.000	 230.000	 280.000
17:18:03:588	7,6802E+13	    8.892	   12.000	3200	  26.517	 236.312	  65.642	  15.091	 135.169	  37.547	64	0	   0.464	   4.284	   1.190	  55.000	  75.000	   0.000	 230.000	 280.000
17:18:03:697	7,68023E+13	    9.002	   12.000	3200	  26.528	 239.226	  66.452	  15.108	 136.828	  38.008	69	0	   0.494	   4.338	   1.205	  55.000	  75.000	   0.000	 230.000	 280.000
17:18:03:809	7,68026E+13	    9.113	   12.000	3200	  26.418	 242.160	  67.267	  15.062	 138.501	  38.473	70	0	   0.459	   4.389	   1.219	  55.000	  75.000	   0.000	 230.000	 280.000
17:18:03:920	7,68029E+13	    9.224	   12.000	3200	  26.665	 245.121	  68.089	  15.319	 140.202	  38.945	67	0	   0.480	   4.442	   1.234	  55.000	  75.000	   0.000	 230.000	 280.000
17:18:04:031	7,68032E+13	    9.335	   12.000	3200	  26.496	 248.077	  68.910	  15.256	 141.904	  39.418	70	0	   0.463	   4.494	   1.248	  55.000	  75.000	   0.000	 230.000	 280.000
17:18:04:141	7,68035E+13	    9.445	   12.000	3200	  26.546	 250.996	  69.721	  15.159	 143.571	  39.881	64	0	   0.475	   4.546	   1.263	  55.000	  75.000	   0.000	 230.000	 280.000
17:18:04:251	7,68038E+13	    9.555	   12.000	3200	  26.618	 253.919	  70.533	  15.208	 145.241	  40.345	69	0	   0.469	   4.597	   1.277	  55.000	  75.000	   0.000	 230.000	 280.000
17:18:04:361	7,68041E+13	    9.665	   15.000	3200	  27.590	 256.946	  71.374	  16.137	 147.012	  40.837	68	0	   0.501	   4.652	   1.292	  55.000	  75.000	   0.000	 230.000	 280.000
17:18:04:471	7,68044E+13	    9.775	   13.000	3200	  26.473	 259.862	  72.184	  15.128	 148.678	  41.299	68	0	   0.497	   4.707	   1.308	  55.000	  75.000	   0.000	 230.000	 280.000
17:18:04:582	7,68047E+13	    9.886	   12.000	3200	  26.527	 262.805	  73.001	  15.146	 150.358	  41.766	70	0	   0.459	   4.758	   1.322	  55.000	  75.000	   0.000	 230.000	 280.000
17:18:04:678	7,6805E+13	    9.982	   12.000	3200	  26.208	 265.322	  73.701	  14.848	 151.784	  42.162	68	0	   0.462	   4.802	   1.334	  55.000	  75.000	   0.000	 230.000	 280.000
17:18:04:788	7,68053E+13	   10.092	   12.000	3200	  26.603	 268.245	  74.512	  15.201	 153.454	  42.626	67	0	   0.472	   4.854	   1.348	  55.000	  75.000	   0.000	 230.000	 280.000
17:18:04:897	7,68056E+13	   10.202	   12.000	3200	  26.049	 271.106	  75.307	  14.643	 155.063	  43.073	65	0	   0.460	   4.905	   1.362	  55.000	  75.000	   0.000	 230.000	 280.000
17:18:05:007	7,68059E+13	   10.311	   12.000	3200	  26.372	 273.996	  76.110	  15.145	 156.723	  43.534	65	0	   0.456	   4.955	   1.376	  55.000	  75.000	   0.000	 230.000	 280.000
17:18:05:118	7,68062E+13	   10.422	   12.000	3200	  26.089	 276.894	  76.915	  14.717	 158.357	  43.988	67	0	   0.472	   5.007	   1.391	  55.000	  75.000	   0.000	 230.000	 280.000
17:18:05:229	7,68065E+13	   10.533	   12.000	3200	  26.638	 279.839	  77.733	  15.172	 160.034	  44.454	69	0	   0.474	   5.059	   1.405	  55.000	  75.000	   0.000	 230.000	 280.000
17:18:05:339	7,68068E+13	   10.643	   16.000	3200	  27.627	 282.879	  78.578	  16.260	 161.824	  44.951	69	0	   0.510	   5.116	   1.421	  55.000	  75.000	   0.000	 230.000	 280.000
17:18:05:449	7,68071E+13	   10.754	   12.000	3200	  26.608	 285.825	  79.396	  15.175	 163.504	  45.418	70	0	   0.470	   5.168	   1.435	  55.000	  75.000	   0.000	 230.000	 280.000
17:18:05:560	7,68074E+13	   10.864	   12.000	3200	  26.427	 288.734	  80.204	  15.077	 165.164	  45.879	71	0	   0.460	   5.218	   1.450	  55.000	  75.000	   0.000	 230.000	 280.000
17:18:05:671	7,68077E+13	   10.975	   12.000	3200	  26.493	 291.676	  81.021	  15.135	 166.844	  46.346	74	0	   0.470	   5.270	   1.464	  55.000	  75.000	   0.000	 230.000	 280.000
17:18:05:781	7,6808E+13	   11.086	   12.000	3200	  26.622	 294.629	  81.841	  15.242	 168.535	  46.815	68	0	   0.472	   5.323	   1.479	  55.000	  75.000	   0.000	 230.000	 280.000
17:18:05:892	7,68083E+13	   11.196	   13.000	3200	  26.487	 297.546	  82.652	  15.156	 170.204	  47.279	69	0	   0.458	   5.373	   1.493	  55.000	  75.000	   0.000	 230.000	 280.000
17:18:06:000	7,68086E+13	   11.304	   12.000	3200	  26.633	 300.432	  83.453	  15.346	 171.867	  47.741	66	0	   0.460	   5.423	   1.506	  55.000	  75.000	   0.000	 230.000	 280.000
17:18:06:111	7,68089E+13	   11.416	   12.000	3200	  26.608	 303.394	  84.276	  15.091	 173.547	  48.207	65	0	   0.468	   5.475	   1.521	  55.000	  75.000	   0.000	 230.000	 280.000
17:18:06:222	7,68092E+13	   11.527	   12.000	3200	  26.728	 306.365	  85.101	  15.382	 175.257	  48.682	70	0	   0.472	   5.527	   1.535	  55.000	  75.000	   0.000	 230.000	 280.000
17:18:06:318	7,68094E+13	   11.622	   20.000	3200	  27.244	 308.959	  85.822	  15.954	 176.776	  49.104	66	0	   0.495	   5.575	   1.549	  55.000	  75.000	   0.000	 230.000	 280.000
17:18:06:429	7,68097E+13	   11.733	   12.000	3200	  26.621	 311.912	  86.642	  15.211	 178.463	  49.573	66	0	   0.474	   5.627	   1.563	  55.000	  75.000	   0.000	 230.000	 280.000
17:18:06:538	7,681E+13	   11.842	   12.000	3200	  26.473	 314.806	  87.446	  15.177	 180.122	  50.034	67	0	   0.473	   5.679	   1.577	  55.000	  75.000	   0.000	 230.000	 280.000
17:18:06:662	7,68104E+13	   11.966	   12.000	3200	  26.442	 318.075	  88.354	  14.999	 181.976	  50.549	70	0	   0.463	   5.736	   1.593	  55.000	  75.000	   0.000	 230.000	 280.000
17:18:06:771	7,68107E+13	   12.075	   12.000	3200	  26.223	 320.943	  89.151	  14.941	 183.611	  51.003	71	0	   0.471	   5.788	   1.608	  55.000	  75.000	   0.000	 230.000	 280.000
17:18:06:882	7,6811E+13	   12.186	   12.000	3200	  26.584	 323.886	  89.968	  15.155	 185.288	  51.469	69	0	   0.460	   5.839	   1.622	  55.000	  75.000	   0.000	 230.000	 280.000
17:18:06:993	7,68113E+13	   12.297	   12.000	3200	  26.474	 326.829	  90.786	  15.152	 186.973	  51.937	70	0	   0.453	   5.889	   1.636	  55.000	  75.000	   0.000	 230.000	 280.000
17:18:07:103	7,68116E+13	   12.407	   12.000	3200	  26.690	 329.769	  91.603	  15.363	 188.665	  52.407	70	0	   0.462	   5.940	   1.650	  55.000	  75.000	   0.000	 230.000	 280.000
17:18:07:214	7,68119E+13	   12.518	   12.000	3200	  26.773	 332.735	  92.426	  15.344	 190.365	  52.879	71	0	   0.470	   5.992	   1.664	  55.000	  75.000	   0.000	 230.000	 280.000
17:18:07:322	7,68122E+13	   12.627	   20.000	3200	  27.929	 335.768	  93.269	  16.455	 192.152	  53.375	66	0	   0.497	   6.046	   1.679	  55.000	  75.000	   0.000	 230.000	 280.000
17:18:07:431	7,68124E+13	   12.735	   12.000	3200	  25.925	 338.575	  94.049	  14.613	 193.734	  53.815	69	0	   0.468	   6.097	   1.694	  55.000	  75.000	   0.000	 230.000	 280.000
17:18:07:543	7,68128E+13	   12.847	   12.000	3200	  26.488	 341.540	  94.872	  15.116	 195.426	  54.285	66	0	   0.457	   6.148	   1.708	  55.000	  75.000	   0.000	 230.000	 280.000
17:18:07:651	7,6813E+13	   12.955	   12.000	3200	  26.523	 344.415	  95.671	  15.239	 197.078	  54.744	65	0	   0.463	   6.198	   1.722	  55.000	  75.000	   0.000	 230.000	 280.000
17:18:07:763	7,68133E+13	   13.067	   12.000	3200	  26.503	 347.378	  96.494	  15.079	 198.764	  55.212	69	0	   0.467	   6.250	   1.736	  55.000	  75.000	   0.000	 230.000	 280.000
17:18:07:873	7,68136E+13	   13.177	   12.000	3200	  26.357	 350.278	  97.299	  15.006	 200.415	  55.671	68	0	   0.456	   6.300	   1.750	  55.000	  75.000	   0.000	 230.000	 280.000
17:18:07:983	7,68139E+13	   13.287	   12.000	3200	  26.452	 353.199	  98.111	  15.197	 202.093	  56.137	70	0	   0.457	   6.351	   1.764	  55.000	  75.000	   0.000	 230.000	 280.000
17:18:08:093	7,68142E+13	   13.397	   12.000	3200	  26.009	 356.057	  98.905	  14.606	 203.698	  56.583	63	0	   0.464	   6.402	   1.778	  55.000	  75.000	   0.000	 230.000	 280.000
17:18:08:202	7,68145E+13	   13.506	   12.000	3200	  26.042	 358.885	  99.690	  14.580	 205.281	  57.023	64	0	   0.475	   6.453	   1.793	  55.000	  75.000	   0.000	 230.000	 280.000
17:18:08:315	7,68148E+13	   13.619	   24.000	3400	  27.109	 361.958	 100.544	  15.841	 207.077	  57.521	61	0	   0.487	   6.509	   1.808	  55.000	  75.000	   0.000	 230.000	 280.000
17:18:08:421	7,68151E+13	   13.725	   13.000	3200	  26.487	 364.756	 101.321	  14.998	 208.661	  57.961	70	0	   0.500	   6.561	   1.823	  55.000	  75.000	   0.000	 230.000	 280.000
17:18:08:531	7,68154E+13	   13.835	   12.000	3200	  26.306	 367.651	 102.125	  14.958	 210.307	  58.419	67	0	   0.457	   6.612	   1.837	  55.000	  75.000	   0.000	 230.000	 280.000
17:18:08:642	7,68157E+13	   13.946	   13.000	3200	  26.419	 370.584	 102.940	  15.041	 211.977	  58.883	65	0	   0.473	   6.664	   1.851	  55.000	  75.000	   0.000	 230.000	 280.000
17:18:08:751	7,6816E+13	   14.055	   12.000	3200	  26.164	 373.432	 103.731	  14.764	 213.584	  59.329	68	0	   0.470	   6.715	   1.865	  55.000	  75.000	   0.000	 230.000	 280.000
17:18:08:861	7,68163E+13	   14.165	   12.000	3200	  26.334	 376.342	 104.540	  15.103	 215.253	  59.793	70	0	   0.458	   6.766	   1.879	  55.000	  75.000	   0.000	 230.000	 280.000
17:18:08:971	7,68166E+13	   14.275	   12.000	3200	  26.574	 379.260	 105.350	  15.148	 216.917	  60.255	63	0	   0.457	   6.816	   1.893	  55.000	  75.000	   0.000	 230.000	 280.000
17:18:09:083	7,68169E+13	   14.387	   12.000	3200	  26.494	 382.218	 106.172	  15.056	 218.598	  60.722	70	0	   0.458	   6.867	   1.908	  55.000	  75.000	   0.000	 230.000	 280.000
17:18:09:192	7,68172E+13	   14.497	   12.000	3200	  26.594	 385.143	 106.984	  15.208	 220.270	  61.186	69	0	   0.478	   6.920	   1.922	  55.000	  75.000	   0.000	 230.000	 280.000
17:18:09:307	7,68175E+13	   14.611	   25.000	3300	  27.532	 388.288	 107.858	  16.241	 222.125	  61.701	60	0	   0.490	   6.976	   1.938	  55.000	  75.000	   0.000	 230.000	 280.000
17:18:09:398	7,68178E+13	   14.702	   12.000	3200	  26.638	 390.709	 108.530	  15.213	 223.508	  62.086	70	0	   0.474	   7.019	   1.950	  55.000	  75.000	   0.000	 230.000	 280.000
17:18:09:509	7,68181E+13	   14.813	   12.000	3300	  26.741	 393.691	 109.359	  15.496	 225.236	  62.566	68	0	   0.459	   7.070	   1.964	  55.000	  75.000	   0.000	 230.000	 280.000
17:18:09:621	7,68184E+13	   14.925	   11.000	3200	  26.425	 396.641	 110.178	  14.971	 226.907	  63.030	67	0	   0.460	   7.122	   1.978	  55.000	  75.000	   0.000	 230.000	 280.000
17:18:09:730	7,68187E+13	   15.034	   12.000	3200	  26.504	 399.531	 110.981	  15.152	 228.559	  63.489	71	0	   0.460	   7.172	   1.992	  55.000	  75.000	   0.000	 230.000	 280.000
17:18:09:841	7,6819E+13	   15.145	   12.000	3200	  26.567	 402.472	 111.798	  15.125	 230.234	  63.954	69	0	   0.473	   7.224	   2.007	  55.000	  75.000	   0.000	 230.000	 280.000
17:18:09:950	7,68193E+13	   15.255	   12.000	3200	  26.683	 405.403	 112.612	  15.288	 231.913	  64.420	70	0	   0.456	   7.274	   2.021	  55.000	  75.000	   0.000	 230.000	 280.000
17:18:10:058	7,68196E+13	   15.363	   12.000	3200	  26.512	 408.269	 113.408	  15.175	 233.554	  64.876	71	0	   0.465	   7.324	   2.035	  55.000	  75.000	   0.000	 230.000	 280.000
17:18:10:170	7,68199E+13	   15.474	   12.000	3200	  26.522	 411.218	 114.227	  15.186	 235.242	  65.345	75	0	   0.466	   7.376	   2.049	  55.000	  75.000	   0.000	 230.000	 280.000
17:18:10:280	7,68202E+13	   15.584	   12.000	3200	  26.552	 414.136	 115.038	  15.162	 236.908	  65.808	68	0	   0.481	   7.429	   2.064	  55.000	  75.000	   0.000	 230.000	 280.000
17:18:10:389	7,68205E+13	   15.694	   14.000	3200	  26.930	 417.096	 115.860	  15.534	 238.616	  66.282	68	0	   0.489	   7.483	   2.079	  55.000	  75.000	   0.000	 230.000	 280.000
17:18:10:500	7,68208E+13	   15.804	   12.000	3200	  26.397	 420.013	 116.670	  15.144	 240.289	  66.747	77	0	   0.460	   7.534	   2.093	  55.000	  75.000	   0.000	 230.000	 280.000
17:18:10:610	7,68211E+13	   15.914	   12.000	3200	  26.405	 422.914	 117.476	  15.014	 241.938	  67.205	61	0	   0.458	   7.584	   2.107	  55.000	  75.000	   0.000	 230.000	 280.000
17:18:10:722	7,68214E+13	   16.026	   12.000	3200	  26.421	 425.868	 118.297	  15.020	 243.618	  67.672	62	0	   0.456	   7.635	   2.121	  55.000	  75.000	   0.000	 230.000	 280.000
17:18:10:832	7,68217E+13	   16.136	   12.000	3200	  26.303	 428.766	 119.102	  14.980	 245.268	  68.130	65	0	   0.467	   7.686	   2.135	  55.000	  75.000	   0.000	 230.000	 280.000
17:18:10:941	7,6822E+13	   16.245	   12.000	3200	  26.165	 431.616	 119.893	  14.759	 246.876	  68.577	67	0	   0.459	   7.736	   2.149	  55.000	  75.000	   0.000	 230.000	 280.000
17:18:11:051	7,68223E+13	   16.355	   14.000	3200	  26.851	 434.580	 120.717	  15.555	 248.593	  69.054	69	0	   0.517	   7.793	   2.165	  55.000	  75.000	   0.000	 230.000	 280.000
17:18:11:162	7,68226E+13	   16.466	   12.000	3200	  26.832	 437.544	 121.540	  15.337	 250.287	  69.524	69	0	   0.467	   7.845	   2.179	  55.000	  75.000	   0.000	 230.000	 280.000
17:18:11:286	7,68229E+13	   16.590	    5.000	800	  16.226	 439.562	 122.101	   4.959	 250.904	  69.696	46	0	   0.547	   7.913	   2.198	  55.000	  75.000	   0.000	 230.000	 280.000
17:18:11:394	7,68232E+13	   16.698	    9.000	2800	  14.584	 441.135	 122.537	   3.266	 251.256	  69.793	44	0	   0.574	   7.975	   2.215	  55.000	  75.000	   0.000	 230.000	 280.000
17:18:11:490	7,68235E+13	   16.795	    3.000	800	  11.655	 442.262	 122.850	   0.451	 251.300	  69.806	43	0	   0.530	   8.026	   2.229	  55.000	  75.000	   0.000	 230.000	 280.000
17:18:11:613	7,68238E+13	   16.918	    4.000	800	  11.559	 443.681	 123.245	   0.247	 251.330	  69.814	43	0	   0.521	   8.090	   2.247	  55.000	  75.000	   0.000	 230.000	 280.000
17:18:11:721	7,68241E+13	   17.026	    4.000	800	  11.888	 444.970	 123.603	   0.689	 251.405	  69.835	43	0	   0.519	   8.146	   2.263	  55.000	  75.000	   0.000	 230.000	 280.000
17:18:11:830	7,68244E+13	   17.134	    4.000	800	  11.436	 446.205	 123.946	   0.269	 251.434	  69.843	43	0	   0.533	   8.204	   2.279	  55.000	  75.000	   0.000	 230.000	 280.000
17:18:11:940	7,68247E+13	   17.244	    4.000	800	  11.441	 447.467	 124.296	   0.251	 251.462	  69.850	42	0	   0.530	   8.262	   2.295	  55.000	  75.000	   0.000	 230.000	 280.000
17:18:12:048	7,6825E+13	   17.353	    4.000	800	  11.532	 448.716	 124.643	   0.268	 251.491	  69.858	42	0	   0.538	   8.321	   2.311	  55.000	  75.000	   0.000	 230.000	 280.000
17:18:12:156	7,68253E+13	   17.461	    5.000	800	  11.397	 449.950	 124.986	   0.245	 251.517	  69.866	42	0	   0.524	   8.377	   2.327	  55.000	  75.000	   0.000	 230.000	 280.000
17:18:12:265	7,68256E+13	   17.569	    5.000	1500	  14.553	 451.524	 125.423	   3.300	 251.874	  69.965	42	0	   0.584	   8.440	   2.345	  55.000	  75.000	   0.000	 230.000	 280.000
17:18:12:373	7,68259E+13	   17.677	    5.000	1800	  14.782	 453.128	 125.869	   3.519	 252.256	  70.071	43	0	   0.548	   8.500	   2.361	  55.000	  75.000	   0.000	 230.000	 280.000
17:18:12:482	7,68261E+13	   17.787	    4.000	800	  11.502	 454.382	 126.217	   0.306	 252.289	  70.080	42	0	   0.527	   8.557	   2.377	  55.000	  75.000	   0.000	 230.000	 280.000
17:18:12:591	7,68264E+13	   17.896	    4.000	1000	  11.696	 455.658	 126.572	   0.497	 252.343	  70.095	42	0	   0.548	   8.617	   2.394	  55.000	  75.000	   0.000	 230.000	 280.000
17:18:12:699	7,68267E+13	   18.003	    4.000	800	  11.463	 456.892	 126.914	   0.282	 252.374	  70.104	43	0	   0.525	   8.674	   2.409	  55.000	  75.000	   0.000	 230.000	 280.000
17:18:12:809	7,6827E+13	   18.113	    5.000	800	  11.406	 458.147	 127.263	   0.239	 252.400	  70.111	42	0	   0.532	   8.732	   2.426	  55.000	  75.000	   0.000	 230.000	 280.000
17:18:12:918	7,68273E+13	   18.222	    4.000	800	  11.443	 459.392	 127.609	   0.253	 252.427	  70.119	42	0	   0.526	   8.789	   2.442	  55.000	  75.000	   0.000	 230.000	 280.000
17:18:13:026	7,68276E+13	   18.331	    4.000	800	  11.560	 460.648	 127.958	   0.229	 252.452	  70.126	43	0	   0.524	   8.846	   2.457	  55.000	  75.000	   0.000	 230.000	 280.000
17:18:13:136	7,68279E+13	   18.440	    5.000	800	  11.425	 461.898	 128.305	   0.276	 252.482	  70.134	43	0	   0.532	   8.905	   2.474	  55.000	  75.000	   0.000	 230.000	 280.000
17:18:13:245	7,68282E+13	   18.550	    6.000	1800	  13.069	 463.331	 128.703	   1.775	 252.677	  70.188	42	0	   0.589	   8.969	   2.491	  55.000	  75.000	   0.000	 230.000	 280.000
17:18:13:355	7,68285E+13	   18.659	    6.000	3000	  14.582	 464.922	 129.145	   3.280	 253.035	  70.287	42	0	   0.571	   9.032	   2.509	  55.000	  75.000	   0.000	 230.000	 280.000
17:18:13:466	7,68288E+13	   18.770	    4.000	800	  11.639	 466.216	 129.505	   0.473	 253.088	  70.302	42	0	   0.527	   9.090	   2.525	  55.000	  75.000	   0.000	 230.000	 280.000
17:18:13:575	7,68291E+13	   18.879	    4.000	800	  11.451	 467.468	 129.852	   0.268	 253.117	  70.310	42	0	   0.527	   9.148	   2.541	  55.000	  75.000	   0.000	 230.000	 280.000
17:18:13:685	7,68294E+13	   18.989	    5.000	800	  12.282	 468.817	 130.227	   0.917	 253.218	  70.338	42	0	   0.541	   9.207	   2.558	  55.000	  75.000	   0.000	 230.000	 280.000
17:18:13:794	7,68297E+13	   19.098	   12.000	800	  13.146	 470.251	 130.625	   1.857	 253.420	  70.394	43	0	   0.537	   9.266	   2.574	  55.000	  75.000	   0.000	 230.000	 280.000
17:18:13:903	7,683E+13	   19.207	    4.000	800	  11.432	 471.497	 130.971	   0.248	 253.447	  70.402	43	0	   0.527	   9.323	   2.590	  55.000	  75.000	   0.000	 230.000	 280.000
17:18:14:011	7,68303E+13	   19.316	    4.000	800	  11.400	 472.737	 131.316	   0.245	 253.474	  70.409	42	0	   0.522	   9.380	   2.606	  55.000	  75.000	   0.000	 230.000	 280.000
17:18:14:121	7,68306E+13	   19.426	    5.000	800	  11.461	 473.992	 131.664	   0.261	 253.502	  70.417	43	0	   0.532	   9.438	   2.622	  55.000	  75.000	   0.000	 230.000	 280.000
17:18:14:231	7,68309E+13	   19.535	    5.000	800	  11.437	 475.243	 132.012	   0.280	 253.533	  70.426	42	0	   0.539	   9.497	   2.638	  55.000	  75.000	   0.000	 230.000	 280.000
17:18:14:339	7,68312E+13	   19.643	    8.000	3300	  13.933	 476.752	 132.431	   2.663	 253.822	  70.506	44	0	   0.556	   9.557	   2.655	  55.000	  75.000	   0.000	 230.000	 280.000
17:18:14:449	7,68315E+13	   19.753	    4.000	800	  11.813	 478.051	 132.792	   0.572	 253.884	  70.523	42	0	   0.540	   9.617	   2.671	  55.000	  75.000	   0.000	 230.000	 280.000
17:18:14:559	7,68318E+13	   19.863	    7.000	3200	  12.327	 479.407	 133.169	   1.098	 254.005	  70.557	43	0	   0.568	   9.679	   2.689	  55.000	  75.000	   0.000	 230.000	 280.000
17:18:14:667	7,68321E+13	   19.972	    5.000	800	  11.923	 480.703	 133.529	   0.727	 254.084	  70.579	42	0	   0.539	   9.738	   2.705	  55.000	  75.000	   0.000	 230.000	 280.000
17:18:14:775	7,68324E+13	   20.080	    4.000	800	  11.456	 481.936	 133.871	   0.236	 254.110	  70.586	42	0	   0.531	   9.795	   2.721	  55.000	  75.000	   0.000	 230.000	 280.000
17:18:14:883	7,68327E+13	   20.188	    3.000	2600	  11.494	 483.181	 134.217	   0.337	 254.146	  70.596	42	0	   0.536	   9.853	   2.737	  55.000	  75.000	   0.000	 230.000	 280.000
																				
Total Elapsed Time (sec) = 20.187895											62,96195652									
Measured RDTSC Frequency (GHz) = 2.712																				
																				
Cumulative Processor Energy_0 (Joules) = 483.180786																				
Cumulative Processor Energy_0 (mWh) = 134.216885																				
Average Processor Power_0 (Watt) = 23.934184																				
																				
Cumulative IA Energy_0 (Joules) = 254.146118																				
Cumulative IA Energy_0 (mWh) = 70.596144																				
Average IA Power_0 (Watt) = 12.589035																				
																				
Cumulative DRAM Energy_0 (Joules) = 9.852905																				
Cumulative DRAM Energy_0 (mWh) = 2.736918																				
Average DRAM Power_0 (Watt) = 0.488060																				
