System Time	RDTSC	Elapsed Time (sec)	 CPU Utilization(%)	CPU Frequency_0(MHz)	Processor Power_0(Watt)	Cumulative Processor Energy_0(Joules)	Cumulative Processor Energy_0(mWh)	IA Power_0(Watt)	Cumulative IA Energy_0(Joules)	Cumulative IA Energy_0(mWh)	Package Temperature_0(C)	Package Hot_0	DRAM Power_0(Watt)	Cumulative DRAM Energy_0(Joules)	Cumulative DRAM Energy_0(mWh)	Package PL1_0(Watt)	Package PL2_0(Watt)	Package PL4_0(Watt)	Platform PsysPL1_0(Watt)	Platform PsysPL2_0(Watt)
17:27:19:765	7,83104E+13	    0.113	   17.000	3200	  26.223	   2.967	   0.824	  14.837	   1.679	   0.466	62	0	   0.585	   0.066	   0.018	  55.000	  75.000	   0.000	 230.000	 280.000
17:27:19:872	7,83107E+13	    0.221	   12.000	3200	  25.850	   5.754	   1.598	  14.424	   3.234	   0.898	65	0	   0.484	   0.118	   0.033	  55.000	  75.000	   0.000	 230.000	 280.000
17:27:19:982	7,8311E+13	    0.331	   12.000	3200	  25.749	   8.585	   2.385	  14.372	   4.814	   1.337	65	0	   0.478	   0.171	   0.047	  55.000	  75.000	   0.000	 230.000	 280.000
17:27:20:090	7,83113E+13	    0.439	   16.000	3200	  26.825	  11.484	   3.190	  15.457	   6.484	   1.801	72	0	   0.514	   0.226	   0.063	  55.000	  75.000	   0.000	 230.000	 280.000
17:27:20:201	7,83116E+13	    0.550	   12.000	3200	  25.734	  14.342	   3.984	  14.384	   8.082	   2.245	69	0	   0.479	   0.280	   0.078	  55.000	  75.000	   0.000	 230.000	 280.000
17:27:20:310	7,83119E+13	    0.659	   13.000	3200	  25.599	  17.132	   4.759	  14.213	   9.631	   2.675	66	0	   0.486	   0.333	   0.092	  55.000	  75.000	   0.000	 230.000	 280.000
17:27:20:419	7,83122E+13	    0.768	   12.000	3200	  26.013	  19.966	   5.546	  14.637	  11.226	   3.118	60	0	   0.463	   0.383	   0.106	  55.000	  75.000	   0.000	 230.000	 280.000
17:27:20:530	7,83125E+13	    0.879	   12.000	3200	  26.058	  22.859	   6.350	  14.700	  12.858	   3.572	67	0	   0.468	   0.435	   0.121	  55.000	  75.000	   0.000	 230.000	 280.000
17:27:20:640	7,83128E+13	    0.988	   12.000	3200	  25.825	  25.685	   7.135	  14.537	  14.448	   4.013	64	0	   0.479	   0.487	   0.135	  55.000	  75.000	   0.000	 230.000	 280.000
17:27:20:752	7,83131E+13	    1.100	   12.000	3200	  26.306	  28.625	   7.951	  14.890	  16.112	   4.476	66	0	   0.475	   0.540	   0.150	  55.000	  75.000	   0.000	 230.000	 280.000
17:27:20:863	7,83134E+13	    1.211	   12.000	3200	  26.258	  31.542	   8.762	  14.930	  17.771	   4.936	72	0	   0.454	   0.591	   0.164	  55.000	  75.000	   0.000	 230.000	 280.000
17:27:20:973	7,83137E+13	    1.321	   12.000	3200	  26.102	  34.410	   9.558	  14.694	  19.386	   5.385	64	0	   0.469	   0.642	   0.178	  55.000	  75.000	   0.000	 230.000	 280.000
17:27:21:068	7,83139E+13	    1.417	   17.000	3200	  27.221	  37.018	  10.283	  15.773	  20.897	   5.805	65	0	   0.521	   0.692	   0.192	  55.000	  75.000	   0.000	 230.000	 280.000
17:27:21:178	7,83142E+13	    1.527	   12.000	3200	  25.685	  39.845	  11.068	  14.344	  22.475	   6.243	64	0	   0.468	   0.744	   0.207	  55.000	  75.000	   0.000	 230.000	 280.000
17:27:21:287	7,83145E+13	    1.636	   12.000	3200	  26.079	  42.675	  11.854	  14.575	  24.057	   6.683	67	0	   0.491	   0.797	   0.221	  55.000	  75.000	   0.000	 230.000	 280.000
17:27:21:398	7,83148E+13	    1.747	   12.000	3200	  26.126	  45.587	  12.663	  14.880	  25.716	   7.143	73	0	   0.457	   0.848	   0.236	  55.000	  75.000	   0.000	 230.000	 280.000
17:27:21:510	7,83151E+13	    1.859	   12.000	3200	  26.176	  48.516	  13.477	  14.786	  27.370	   7.603	69	0	   0.464	   0.900	   0.250	  55.000	  75.000	   0.000	 230.000	 280.000
17:27:21:620	7,83154E+13	    1.969	   12.000	3200	  26.095	  51.387	  14.274	  14.731	  28.991	   8.053	71	0	   0.463	   0.951	   0.264	  55.000	  75.000	   0.000	 230.000	 280.000
17:27:21:730	7,83157E+13	    2.079	   12.000	3200	  26.042	  54.250	  15.069	  14.659	  30.603	   8.501	69	0	   0.473	   1.003	   0.279	  55.000	  75.000	   0.000	 230.000	 280.000
17:27:21:840	7,8316E+13	    2.189	   12.000	3200	  26.221	  57.134	  15.870	  14.842	  32.235	   8.954	72	0	   0.461	   1.054	   0.293	  55.000	  75.000	   0.000	 230.000	 280.000
17:27:21:951	7,83163E+13	    2.300	   12.000	3200	  26.477	  60.079	  16.689	  15.178	  33.923	   9.423	67	0	   0.456	   1.104	   0.307	  55.000	  75.000	   0.000	 230.000	 280.000
17:27:22:063	7,83166E+13	    2.412	   16.000	3200	  26.725	  63.070	  17.520	  15.324	  35.639	   9.900	63	0	   0.492	   1.160	   0.322	  55.000	  75.000	   0.000	 230.000	 280.000
17:27:22:173	7,83169E+13	    2.522	   12.000	3200	  26.094	  65.937	  18.316	  14.716	  37.255	  10.349	65	0	   0.469	   1.211	   0.336	  55.000	  75.000	   0.000	 230.000	 280.000
17:27:22:283	7,83172E+13	    2.631	   12.000	3200	  25.783	  68.755	  19.099	  14.483	  38.838	  10.788	69	0	   0.460	   1.261	   0.350	  55.000	  75.000	   0.000	 230.000	 280.000
17:27:22:390	7,83175E+13	    2.739	   12.000	3200	  25.936	  71.554	  19.876	  14.542	  40.408	  11.224	63	0	   0.468	   1.312	   0.364	  55.000	  75.000	   0.000	 230.000	 280.000
17:27:22:501	7,83178E+13	    2.849	   14.000	3200	  26.240	  74.445	  20.679	  14.906	  42.050	  11.681	68	0	   0.513	   1.368	   0.380	  55.000	  75.000	   0.000	 230.000	 280.000
17:27:22:610	7,83181E+13	    2.959	   12.000	3200	  26.355	  77.340	  21.483	  14.933	  43.690	  12.136	65	0	   0.497	   1.423	   0.395	  55.000	  75.000	   0.000	 230.000	 280.000
17:27:22:723	7,83184E+13	    3.071	   12.000	3200	  26.070	  80.266	  22.296	  14.764	  45.347	  12.597	66	0	   0.470	   1.476	   0.410	  55.000	  75.000	   0.000	 230.000	 280.000
17:27:22:830	7,83187E+13	    3.178	   12.000	3200	  25.821	  83.029	  23.064	  14.454	  46.894	  13.026	68	0	   0.474	   1.527	   0.424	  55.000	  75.000	   0.000	 230.000	 280.000
17:27:22:939	7,8319E+13	    3.288	   12.000	3200	  26.343	  85.907	  23.863	  14.791	  48.510	  13.475	70	0	   0.464	   1.577	   0.438	  55.000	  75.000	   0.000	 230.000	 280.000
17:27:23:048	7,83193E+13	    3.396	   17.000	3200	  26.623	  88.803	  24.667	  15.441	  50.189	  13.941	66	0	   0.485	   1.630	   0.453	  55.000	  75.000	   0.000	 230.000	 280.000
17:27:23:156	7,83196E+13	    3.505	   12.000	3200	  25.769	  91.597	  25.444	  14.258	  51.735	  14.371	64	0	   0.464	   1.680	   0.467	  55.000	  75.000	   0.000	 230.000	 280.000
17:27:23:265	7,83199E+13	    3.614	   12.000	3200	  25.532	  94.382	  26.217	  14.198	  53.284	  14.801	66	0	   0.459	   1.730	   0.481	  55.000	  75.000	   0.000	 230.000	 280.000
17:27:23:375	7,83202E+13	    3.724	   12.000	3200	  26.209	  97.268	  27.019	  14.884	  54.923	  15.256	69	0	   0.459	   1.781	   0.495	  55.000	  75.000	   0.000	 230.000	 280.000
17:27:23:487	7,83205E+13	    3.836	   12.000	3200	  26.019	 100.179	  27.828	  14.610	  56.558	  15.711	67	0	   0.462	   1.833	   0.509	  55.000	  75.000	   0.000	 230.000	 280.000
17:27:23:583	7,83207E+13	    3.932	   12.000	3200	  25.482	 102.629	  28.508	  14.149	  57.918	  16.088	70	0	   0.457	   1.877	   0.521	  55.000	  75.000	   0.000	 230.000	 280.000
17:27:23:694	7,8321E+13	    4.043	   13.000	3200	  25.963	 105.498	  29.305	  14.478	  59.518	  16.533	67	0	   0.491	   1.931	   0.536	  55.000	  75.000	   0.000	 230.000	 280.000
17:27:23:805	7,83213E+13	    4.154	   13.000	3200	  26.525	 108.452	  30.126	  15.235	  61.215	  17.004	65	0	   0.482	   1.985	   0.551	  55.000	  75.000	   0.000	 230.000	 280.000
17:27:23:913	7,83216E+13	    4.262	   12.000	3200	  26.113	 111.275	  30.910	  14.777	  62.812	  17.448	67	0	   0.463	   2.035	   0.565	  55.000	  75.000	   0.000	 230.000	 280.000
17:27:24:023	7,83219E+13	    4.372	   20.000	3300	  27.063	 114.255	  31.738	  15.707	  64.542	  17.928	63	0	   0.482	   2.088	   0.580	  55.000	  75.000	   0.000	 230.000	 280.000
17:27:24:131	7,83222E+13	    4.480	   12.000	3200	  25.883	 117.047	  32.513	  14.500	  66.106	  18.363	71	0	   0.468	   2.138	   0.594	  55.000	  75.000	   0.000	 230.000	 280.000
17:27:24:242	7,83225E+13	    4.591	   16.000	3200	  27.642	 120.110	  33.364	  16.221	  67.903	  18.862	64	0	   0.480	   2.191	   0.609	  55.000	  75.000	   0.000	 230.000	 280.000
17:27:24:354	7,83228E+13	    4.703	   12.000	3200	  26.079	 123.029	  34.175	  14.706	  69.549	  19.319	68	0	   0.467	   2.244	   0.623	  55.000	  75.000	   0.000	 230.000	 280.000
17:27:24:464	7,83231E+13	    4.813	   12.000	3200	  26.102	 125.906	  34.974	  14.795	  71.180	  19.772	68	0	   0.462	   2.295	   0.637	  55.000	  75.000	   0.000	 230.000	 280.000
17:27:24:576	7,83234E+13	    4.925	   12.000	3200	  26.015	 128.820	  35.783	  14.638	  72.819	  20.228	61	0	   0.459	   2.346	   0.652	  55.000	  75.000	   0.000	 230.000	 280.000
17:27:24:686	7,83237E+13	    5.035	   12.000	3200	  25.836	 131.663	  36.573	  14.483	  74.413	  20.670	68	0	   0.466	   2.397	   0.666	  55.000	  75.000	   0.000	 230.000	 280.000
17:27:24:798	7,8324E+13	    5.147	   13.000	3200	  25.632	 134.530	  37.369	  14.241	  76.006	  21.113	66	0	   0.469	   2.450	   0.680	  55.000	  75.000	   0.000	 230.000	 280.000
17:27:24:908	7,83243E+13	    5.256	   12.000	3200	  25.879	 137.366	  38.157	  14.660	  77.612	  21.559	69	0	   0.452	   2.499	   0.694	  55.000	  75.000	   0.000	 230.000	 280.000
17:27:25:023	7,83246E+13	    5.372	   25.000	3400	  27.081	 140.484	  39.023	  15.516	  79.399	  22.055	60	0	   0.480	   2.554	   0.710	  55.000	  75.000	   0.000	 230.000	 280.000
17:27:25:127	7,83249E+13	    5.476	   12.000	3200	  25.803	 143.167	  39.769	  14.429	  80.900	  22.472	68	0	   0.476	   2.604	   0.723	  55.000	  75.000	   0.000	 230.000	 280.000
17:27:25:238	7,83252E+13	    5.586	   22.000	3200	  30.163	 146.508	  40.697	  18.891	  82.992	  23.053	70	0	   0.675	   2.679	   0.744	  55.000	  75.000	   0.000	 230.000	 280.000
17:27:25:333	7,83255E+13	    5.682	   12.000	3200	  26.182	 149.016	  41.393	  14.771	  84.407	  23.446	69	0	   0.466	   2.723	   0.756	  55.000	  75.000	   0.000	 230.000	 280.000
17:27:25:443	7,83258E+13	    5.792	   12.000	3200	  26.356	 151.905	  42.196	  14.894	  86.039	  23.900	70	0	   0.459	   2.774	   0.770	  55.000	  75.000	   0.000	 230.000	 280.000
17:27:25:554	7,83261E+13	    5.903	   12.000	3200	  26.304	 154.826	  43.007	  14.963	  87.701	  24.361	69	0	   0.452	   2.824	   0.784	  55.000	  75.000	   0.000	 230.000	 280.000
17:27:25:664	7,83264E+13	    6.013	   12.000	3200	  26.307	 157.717	  43.810	  14.910	  89.340	  24.817	70	0	   0.470	   2.875	   0.799	  55.000	  75.000	   0.000	 230.000	 280.000
17:27:25:772	7,83267E+13	    6.120	   12.000	3200	  26.223	 160.540	  44.594	  14.994	  90.954	  25.265	68	0	   0.483	   2.927	   0.813	  55.000	  75.000	   0.000	 230.000	 280.000
17:27:25:881	7,8327E+13	    6.230	   12.000	3200	  26.072	 163.398	  45.388	  14.618	  92.556	  25.710	68	0	   0.463	   2.978	   0.827	  55.000	  75.000	   0.000	 230.000	 280.000
17:27:26:012	7,83273E+13	    6.361	   24.000	3400	  27.160	 166.964	  46.379	  15.873	  94.640	  26.289	59	0	   0.475	   3.041	   0.845	  55.000	  75.000	   0.000	 230.000	 280.000
17:27:26:103	7,83276E+13	    6.452	   12.000	3200	  25.963	 169.323	  47.034	  14.533	  95.961	  26.656	69	0	   0.476	   3.084	   0.857	  55.000	  75.000	   0.000	 230.000	 280.000
17:27:26:213	7,83279E+13	    6.562	   12.000	3200	  26.420	 172.224	  47.840	  15.004	  97.608	  27.113	69	0	   0.464	   3.135	   0.871	  55.000	  75.000	   0.000	 230.000	 280.000
17:27:26:322	7,83282E+13	    6.671	   12.000	3300	  26.324	 175.103	  48.640	  15.052	  99.254	  27.571	70	0	   0.462	   3.185	   0.885	  55.000	  75.000	   0.000	 230.000	 280.000
17:27:26:432	7,83285E+13	    6.780	   12.000	3200	  26.531	 177.994	  49.443	  15.148	 100.905	  28.029	70	0	   0.461	   3.236	   0.899	  55.000	  75.000	   0.000	 230.000	 280.000
17:27:26:542	7,83288E+13	    6.890	   11.000	3200	  26.062	 180.860	  50.239	  14.696	 102.521	  28.478	69	0	   0.454	   3.286	   0.913	  55.000	  75.000	   0.000	 230.000	 280.000
17:27:26:652	7,83291E+13	    7.001	   13.000	3200	  26.141	 183.754	  51.043	  14.688	 104.147	  28.930	70	0	   0.475	   3.338	   0.927	  55.000	  75.000	   0.000	 230.000	 280.000
17:27:26:763	7,83294E+13	    7.112	   12.000	3200	  26.381	 186.688	  51.858	  15.071	 105.823	  29.395	70	0	   0.473	   3.391	   0.942	  55.000	  75.000	   0.000	 230.000	 280.000
17:27:26:873	7,83297E+13	    7.222	   12.000	3200	  26.458	 189.592	  52.664	  15.025	 107.472	  29.853	62	0	   0.462	   3.441	   0.956	  55.000	  75.000	   0.000	 230.000	 280.000
17:27:26:984	7,833E+13	    7.333	   13.000	3200	  26.125	 192.493	  53.470	  14.765	 109.112	  30.309	69	0	   0.489	   3.496	   0.971	  55.000	  75.000	   0.000	 230.000	 280.000
17:27:27:093	7,83303E+13	    7.442	   15.000	3200	  27.207	 195.453	  54.293	  15.790	 110.830	  30.786	67	0	   0.501	   3.550	   0.986	  55.000	  75.000	   0.000	 230.000	 280.000
17:27:27:204	7,83306E+13	    7.553	   12.000	3200	  25.985	 198.343	  55.095	  14.653	 112.459	  31.239	66	0	   0.461	   3.601	   1.000	  55.000	  75.000	   0.000	 230.000	 280.000
17:27:27:314	7,83309E+13	    7.663	   12.000	3200	  26.113	 201.217	  55.894	  14.764	 114.085	  31.690	66	0	   0.464	   3.652	   1.015	  55.000	  75.000	   0.000	 230.000	 280.000
17:27:27:424	7,83312E+13	    7.773	   12.000	3200	  25.982	 204.072	  56.687	  14.603	 115.689	  32.136	69	0	   0.458	   3.703	   1.029	  55.000	  75.000	   0.000	 230.000	 280.000
17:27:27:534	7,83315E+13	    7.883	   12.000	3200	  26.155	 206.953	  57.487	  14.818	 117.321	  32.589	71	0	   0.458	   3.753	   1.043	  55.000	  75.000	   0.000	 230.000	 280.000
17:27:27:646	7,83318E+13	    7.994	   13.000	3200	  26.993	 209.953	  58.320	  15.670	 119.063	  33.073	65	0	   0.466	   3.805	   1.057	  55.000	  75.000	   0.000	 230.000	 280.000
17:27:27:740	7,8332E+13	    8.089	   12.000	3200	  26.299	 212.435	  59.010	  14.741	 120.454	  33.459	66	0	   0.479	   3.850	   1.069	  55.000	  75.000	   0.000	 230.000	 280.000
17:27:27:851	7,83323E+13	    8.200	   12.000	3200	  26.080	 215.340	  59.817	  14.818	 122.105	  33.918	70	0	   0.454	   3.901	   1.084	  55.000	  75.000	   0.000	 230.000	 280.000
17:27:27:961	7,83326E+13	    8.310	   13.000	3200	  26.587	 218.261	  60.628	  15.176	 123.772	  34.381	69	0	   0.492	   3.955	   1.099	  55.000	  75.000	   0.000	 230.000	 280.000
17:27:28:069	7,83329E+13	    8.418	   16.000	3200	  27.011	 221.187	  61.441	  15.714	 125.474	  34.854	70	0	   0.482	   4.007	   1.113	  55.000	  75.000	   0.000	 230.000	 280.000
17:27:28:177	7,83332E+13	    8.526	   12.000	3200	  25.748	 223.965	  62.213	  14.368	 127.024	  35.285	68	0	   0.462	   4.057	   1.127	  55.000	  75.000	   0.000	 230.000	 280.000
17:27:28:287	7,83335E+13	    8.636	   12.000	3200	  26.136	 226.840	  63.011	  14.772	 128.649	  35.736	68	0	   0.466	   4.108	   1.141	  55.000	  75.000	   0.000	 230.000	 280.000
17:27:28:398	7,83338E+13	    8.746	   14.000	3200	  26.779	 229.790	  63.831	  15.412	 130.347	  36.208	58	0	   0.519	   4.165	   1.157	  55.000	  75.000	   0.000	 230.000	 280.000
17:27:28:506	7,83341E+13	    8.855	   22.000	3200	  29.745	 233.025	  64.729	  18.278	 132.334	  36.760	66	0	   0.630	   4.234	   1.176	  55.000	  75.000	   0.000	 230.000	 280.000
17:27:28:630	7,83344E+13	    8.978	   13.000	3200	  26.394	 236.283	  65.634	  15.149	 134.205	  37.279	64	0	   0.494	   4.295	   1.193	  55.000	  75.000	   0.000	 230.000	 280.000
17:27:28:739	7,83347E+13	    9.088	   13.000	3200	  26.184	 239.153	  66.431	  14.634	 135.809	  37.725	67	0	   0.517	   4.351	   1.209	  55.000	  75.000	   0.000	 230.000	 280.000
17:27:28:849	7,8335E+13	    9.198	   12.000	3200	  26.356	 242.050	  67.236	  14.986	 137.456	  38.182	62	0	   0.479	   4.404	   1.223	  55.000	  75.000	   0.000	 230.000	 280.000
17:27:28:971	7,83353E+13	    9.320	   12.000	3200	  25.847	 245.202	  68.112	  14.440	 139.217	  38.671	64	0	   0.487	   4.463	   1.240	  55.000	  75.000	   0.000	 230.000	 280.000
17:27:29:081	7,83356E+13	    9.430	   16.000	3200	  26.786	 248.150	  68.930	  15.426	 140.915	  39.143	63	0	   0.500	   4.518	   1.255	  55.000	  75.000	   0.000	 230.000	 280.000
17:27:29:191	7,83359E+13	    9.539	   13.000	3200	  25.989	 250.994	  69.721	  14.699	 142.523	  39.590	63	0	   0.495	   4.572	   1.270	  55.000	  75.000	   0.000	 230.000	 280.000
17:27:29:302	7,83362E+13	    9.651	   12.000	3200	  26.129	 253.901	  70.528	  14.595	 144.147	  40.041	68	0	   0.464	   4.624	   1.284	  55.000	  75.000	   0.000	 230.000	 280.000
17:27:29:396	7,83365E+13	    9.745	   12.000	3200	  25.746	 256.330	  71.203	  14.490	 145.514	  40.421	61	0	   0.455	   4.667	   1.296	  55.000	  75.000	   0.000	 230.000	 280.000
17:27:29:508	7,83368E+13	    9.857	   12.000	3200	  25.873	 259.224	  72.007	  14.459	 147.131	  40.870	71	0	   0.460	   4.718	   1.311	  55.000	  75.000	   0.000	 230.000	 280.000
17:27:29:618	7,83371E+13	    9.967	   12.000	3200	  25.701	 262.056	  72.793	  14.392	 148.717	  41.310	67	0	   0.455	   4.769	   1.325	  55.000	  75.000	   0.000	 230.000	 280.000
17:27:29:730	7,83374E+13	   10.079	   12.000	3200	  26.358	 265.007	  73.613	  14.969	 150.393	  41.776	71	0	   0.479	   4.822	   1.340	  55.000	  75.000	   0.000	 230.000	 280.000
17:27:29:840	7,83377E+13	   10.189	   12.000	3200	  26.274	 267.897	  74.416	  14.902	 152.032	  42.231	68	0	   0.461	   4.873	   1.354	  55.000	  75.000	   0.000	 230.000	 280.000
17:27:29:950	7,8338E+13	   10.299	   12.000	3200	  25.955	 270.756	  75.210	  14.641	 153.645	  42.679	69	0	   0.457	   4.923	   1.368	  55.000	  75.000	   0.000	 230.000	 280.000
17:27:30:060	7,83383E+13	   10.408	   17.000	3200	  26.926	 273.701	  76.028	  15.411	 155.331	  43.147	65	0	   0.488	   4.977	   1.382	  55.000	  75.000	   0.000	 230.000	 280.000
17:27:30:171	7,83386E+13	   10.520	   12.000	3200	  25.887	 276.585	  76.829	  14.606	 156.958	  43.599	68	0	   0.461	   5.028	   1.397	  55.000	  75.000	   0.000	 230.000	 280.000
17:27:30:283	7,83389E+13	   10.632	   12.000	3200	  26.317	 279.534	  77.648	  14.977	 158.636	  44.066	71	0	   0.461	   5.080	   1.411	  55.000	  75.000	   0.000	 230.000	 280.000
17:27:30:393	7,83392E+13	   10.742	   12.000	3200	  25.568	 282.349	  78.430	  14.234	 160.203	  44.501	65	0	   0.455	   5.130	   1.425	  55.000	  75.000	   0.000	 230.000	 280.000
17:27:30:504	7,83395E+13	   10.853	   12.000	3200	  26.365	 285.271	  79.242	  14.951	 161.860	  44.961	68	0	   0.464	   5.181	   1.439	  55.000	  75.000	   0.000	 230.000	 280.000
17:27:30:599	7,83398E+13	   10.948	   12.000	3300	  26.090	 287.761	  79.934	  14.851	 163.278	  45.355	67	0	   0.453	   5.224	   1.451	  55.000	  75.000	   0.000	 230.000	 280.000
17:27:30:710	7,83401E+13	   11.059	   13.000	3200	  26.427	 290.687	  80.746	  14.983	 164.936	  45.816	66	0	   0.506	   5.280	   1.467	  55.000	  75.000	   0.000	 230.000	 280.000
17:27:30:821	7,83404E+13	   11.170	   12.000	3200	  26.339	 293.605	  81.557	  14.928	 166.590	  46.275	63	0	   0.458	   5.331	   1.481	  55.000	  75.000	   0.000	 230.000	 280.000
17:27:30:931	7,83407E+13	   11.280	   12.000	3200	  26.065	 296.467	  82.352	  14.670	 168.201	  46.723	69	0	   0.456	   5.381	   1.495	  55.000	  75.000	   0.000	 230.000	 280.000
17:27:31:041	7,8341E+13	   11.390	   24.000	3200	  27.506	 299.494	  83.193	  16.128	 169.976	  47.216	65	0	   0.481	   5.434	   1.509	  55.000	  75.000	   0.000	 230.000	 280.000
17:27:31:153	7,83413E+13	   11.501	   13.000	3200	  26.403	 302.439	  84.011	  15.166	 171.668	  47.685	67	0	   0.486	   5.488	   1.525	  55.000	  75.000	   0.000	 230.000	 280.000
17:27:31:263	7,83416E+13	   11.611	   12.000	3200	  26.124	 305.312	  84.809	  14.761	 173.291	  48.136	70	0	   0.462	   5.539	   1.539	  55.000	  75.000	   0.000	 230.000	 280.000
17:27:31:372	7,83419E+13	   11.721	   12.000	3200	  26.503	 308.220	  85.617	  15.063	 174.944	  48.596	69	0	   0.457	   5.589	   1.553	  55.000	  75.000	   0.000	 230.000	 280.000
17:27:31:484	7,83422E+13	   11.833	   12.000	3200	  26.129	 311.140	  86.428	  14.706	 176.587	  49.052	66	0	   0.463	   5.641	   1.567	  55.000	  75.000	   0.000	 230.000	 280.000
17:27:31:596	7,83425E+13	   11.944	   12.000	3200	  25.834	 314.020	  87.228	  14.586	 178.213	  49.504	72	0	   0.450	   5.691	   1.581	  55.000	  75.000	   0.000	 230.000	 280.000
17:27:31:706	7,83428E+13	   12.054	   12.000	3200	  26.214	 316.901	  88.028	  14.833	 179.844	  49.957	64	0	   0.473	   5.743	   1.595	  55.000	  75.000	   0.000	 230.000	 280.000
17:27:31:815	7,83431E+13	   12.164	   12.000	3200	  26.408	 319.795	  88.832	  14.948	 181.482	  50.412	69	0	   0.467	   5.794	   1.610	  55.000	  75.000	   0.000	 230.000	 280.000
17:27:31:924	7,83434E+13	   12.272	   12.000	3200	  26.007	 322.620	  89.617	  14.786	 183.088	  50.858	63	0	   0.461	   5.844	   1.623	  55.000	  75.000	   0.000	 230.000	 280.000
17:27:32:035	7,83437E+13	   12.384	   24.000	3200	  27.399	 325.674	  90.465	  15.903	 184.860	  51.350	62	0	   0.474	   5.897	   1.638	  55.000	  75.000	   0.000	 230.000	 280.000
17:27:32:145	7,8344E+13	   12.494	   12.000	3200	  25.840	 328.512	  91.253	  14.429	 186.445	  51.790	69	0	   0.480	   5.950	   1.653	  55.000	  75.000	   0.000	 230.000	 280.000
17:27:32:255	7,83443E+13	   12.604	   12.000	3200	  25.933	 331.371	  92.047	  14.629	 188.058	  52.238	68	0	   0.457	   6.000	   1.667	  55.000	  75.000	   0.000	 230.000	 280.000
17:27:32:349	7,83445E+13	   12.698	   12.000	3300	  25.955	 333.826	  92.729	  14.753	 189.453	  52.626	66	0	   0.451	   6.043	   1.679	  55.000	  75.000	   0.000	 230.000	 280.000
17:27:32:461	7,83448E+13	   12.810	   12.000	3200	  26.208	 336.750	  93.542	  14.741	 191.098	  53.083	71	0	   0.463	   6.095	   1.693	  55.000	  75.000	   0.000	 230.000	 280.000
17:27:32:573	7,83451E+13	   12.922	   12.000	3200	  26.268	 339.689	  94.358	  14.890	 192.764	  53.546	70	0	   0.453	   6.145	   1.707	  55.000	  75.000	   0.000	 230.000	 280.000
17:27:32:683	7,83454E+13	   13.032	   12.000	3200	  26.305	 342.585	  95.163	  14.980	 194.414	  54.004	70	0	   0.461	   6.196	   1.721	  55.000	  75.000	   0.000	 230.000	 280.000
17:27:32:795	7,83457E+13	   13.143	   12.000	3200	  26.405	 345.521	  95.978	  15.056	 196.087	  54.469	64	0	   0.469	   6.248	   1.736	  55.000	  75.000	   0.000	 230.000	 280.000
17:27:32:903	7,8346E+13	   13.251	   12.000	3200	  25.922	 348.326	  96.757	  14.614	 197.669	  54.908	67	0	   0.452	   6.297	   1.749	  55.000	  75.000	   0.000	 230.000	 280.000
17:27:33:033	7,83464E+13	   13.382	   24.000	3400	  26.899	 351.844	  97.734	  15.510	 199.697	  55.471	60	0	   0.474	   6.359	   1.766	  55.000	  75.000	   0.000	 230.000	 280.000
17:27:33:122	7,83466E+13	   13.471	   12.000	3200	  25.965	 354.148	  98.375	  14.478	 200.982	  55.828	67	0	   0.475	   6.401	   1.778	  55.000	  75.000	   0.000	 230.000	 280.000
17:27:33:233	7,83469E+13	   13.582	   12.000	3200	  26.168	 357.053	  99.182	  14.821	 202.627	  56.285	66	0	   0.458	   6.452	   1.792	  55.000	  75.000	   0.000	 230.000	 280.000
17:27:33:341	7,83472E+13	   13.690	   12.000	3300	  25.794	 359.846	  99.957	  14.487	 204.196	  56.721	67	0	   0.466	   6.502	   1.806	  55.000	  75.000	   0.000	 230.000	 280.000
17:27:33:452	7,83475E+13	   13.800	   12.000	3200	  25.866	 362.692	 100.748	  14.508	 205.792	  57.164	63	0	   0.457	   6.553	   1.820	  55.000	  75.000	   0.000	 230.000	 280.000
17:27:33:561	7,83478E+13	   13.909	   12.000	3200	  25.911	 365.516	 101.532	  14.555	 207.378	  57.605	70	0	   0.460	   6.603	   1.834	  55.000	  75.000	   0.000	 230.000	 280.000
17:27:33:671	7,83481E+13	   14.019	   12.000	3200	  25.753	 368.355	 102.321	  14.458	 208.972	  58.048	68	0	   0.452	   6.653	   1.848	  55.000	  75.000	   0.000	 230.000	 280.000
17:27:33:781	7,83484E+13	   14.129	   12.000	3200	  25.930	 371.210	 103.114	  14.562	 210.576	  58.493	64	0	   0.487	   6.706	   1.863	  55.000	  75.000	   0.000	 230.000	 280.000
17:27:33:891	7,83487E+13	   14.240	   12.000	3200	  26.406	 374.119	 103.922	  14.835	 212.210	  58.947	64	0	   0.494	   6.761	   1.878	  55.000	  75.000	   0.000	 230.000	 280.000
17:27:33:999	7,8349E+13	   14.348	   12.000	3200	  26.077	 376.942	 104.706	  14.787	 213.811	  59.392	65	0	   0.461	   6.811	   1.892	  55.000	  75.000	   0.000	 230.000	 280.000
17:27:34:107	7,83493E+13	   14.456	   15.000	3200	  27.116	 379.873	 105.520	  15.753	 215.513	  59.865	67	0	   0.491	   6.864	   1.907	  55.000	  75.000	   0.000	 230.000	 280.000
17:27:34:215	7,83496E+13	   14.564	   12.000	3200	  26.203	 382.701	 106.306	  14.820	 217.113	  60.309	69	0	   0.458	   6.913	   1.920	  55.000	  75.000	   0.000	 230.000	 280.000
17:27:34:325	7,83499E+13	   14.674	   12.000	3200	  25.978	 385.561	 107.100	  14.651	 218.726	  60.757	67	0	   0.460	   6.964	   1.934	  55.000	  75.000	   0.000	 230.000	 280.000
17:27:34:434	7,83502E+13	   14.783	   12.000	3200	  26.221	 388.415	 107.893	  14.824	 220.340	  61.205	71	0	   0.455	   7.013	   1.948	  55.000	  75.000	   0.000	 230.000	 280.000
17:27:34:545	7,83505E+13	   14.894	   12.000	3200	  26.195	 391.324	 108.701	  14.836	 221.987	  61.663	65	0	   0.457	   7.064	   1.962	  55.000	  75.000	   0.000	 230.000	 280.000
17:27:34:655	7,83508E+13	   15.004	   12.000	3200	  26.156	 394.202	 109.501	  14.804	 223.616	  62.116	68	0	   0.457	   7.114	   1.976	  55.000	  75.000	   0.000	 230.000	 280.000
17:27:34:765	7,83511E+13	   15.114	   13.000	3200	  26.386	 397.104	 110.307	  15.011	 225.267	  62.574	68	0	   0.481	   7.167	   1.991	  55.000	  75.000	   0.000	 230.000	 280.000
17:27:34:874	7,83514E+13	   15.223	   12.000	3200	  26.382	 399.981	 111.106	  15.032	 226.906	  63.029	69	0	   0.466	   7.218	   2.005	  55.000	  75.000	   0.000	 230.000	 280.000
17:27:34:984	7,83517E+13	   15.333	   12.000	3200	  26.207	 402.866	 111.907	  14.866	 228.543	  63.484	70	0	   0.456	   7.268	   2.019	  55.000	  75.000	   0.000	 230.000	 280.000
17:27:35:094	7,8352E+13	   15.443	   15.000	3200	  26.985	 405.833	 112.731	  15.582	 230.256	  63.960	65	0	   0.491	   7.322	   2.034	  55.000	  75.000	   0.000	 230.000	 280.000
17:27:35:204	7,83523E+13	   15.553	   12.000	3200	  26.102	 408.702	 113.528	  14.732	 231.875	  64.410	69	0	   0.460	   7.373	   2.048	  55.000	  75.000	   0.000	 230.000	 280.000
17:27:35:314	7,83525E+13	   15.663	   12.000	3200	  26.233	 411.584	 114.329	  14.831	 233.504	  64.862	70	0	   0.468	   7.424	   2.062	  55.000	  75.000	   0.000	 230.000	 280.000
17:27:35:425	7,83528E+13	   15.774	   12.000	3200	  26.400	 414.508	 115.141	  14.967	 235.162	  65.323	64	0	   0.459	   7.475	   2.076	  55.000	  75.000	   0.000	 230.000	 280.000
17:27:35:536	7,83532E+13	   15.885	   12.000	3200	  26.420	 417.449	 115.958	  15.139	 236.847	  65.791	66	0	   0.462	   7.526	   2.091	  55.000	  75.000	   0.000	 230.000	 280.000
17:27:35:630	7,83534E+13	   15.979	   13.000	3200	  26.064	 419.898	 116.638	  14.665	 238.225	  66.174	68	0	   0.498	   7.573	   2.104	  55.000	  75.000	   0.000	 230.000	 280.000
17:27:35:740	7,83537E+13	   16.089	   13.000	3200	  26.679	 422.825	 117.451	  15.212	 239.894	  66.637	74	0	   0.497	   7.628	   2.119	  55.000	  75.000	   0.000	 230.000	 280.000
17:27:35:851	7,8354E+13	   16.200	   12.000	3200	  26.131	 425.739	 118.261	  14.898	 241.556	  67.099	69	0	   0.470	   7.680	   2.133	  55.000	  75.000	   0.000	 230.000	 280.000
17:27:35:963	7,83543E+13	   16.312	   12.000	3200	  26.316	 428.685	 119.079	  14.934	 243.227	  67.563	69	0	   0.460	   7.732	   2.148	  55.000	  75.000	   0.000	 230.000	 280.000
17:27:36:072	7,83546E+13	   16.421	   16.000	3200	  26.844	 431.604	 119.890	  15.407	 244.903	  68.029	67	0	   0.495	   7.785	   2.163	  55.000	  75.000	   0.000	 230.000	 280.000
17:27:36:183	7,83549E+13	   16.532	   12.000	3200	  26.031	 434.498	 120.694	  14.709	 246.538	  68.483	68	0	   0.460	   7.837	   2.177	  55.000	  75.000	   0.000	 230.000	 280.000
17:27:36:293	7,83552E+13	   16.642	   12.000	3200	  26.328	 437.389	 121.497	  14.906	 248.175	  68.937	69	0	   0.468	   7.888	   2.191	  55.000	  75.000	   0.000	 230.000	 280.000
17:27:36:405	7,83555E+13	   16.754	   12.000	3200	  25.944	 440.300	 122.306	  14.620	 249.815	  69.393	69	0	   0.455	   7.939	   2.205	  55.000	  75.000	   0.000	 230.000	 280.000
17:27:36:515	7,83558E+13	   16.864	   12.000	3200	  26.383	 443.201	 123.112	  15.021	 251.467	  69.852	70	0	   0.464	   7.990	   2.219	  55.000	  75.000	   0.000	 230.000	 280.000
17:27:36:626	7,83561E+13	   16.975	   12.000	3300	  26.461	 446.138	 123.927	  15.106	 253.143	  70.318	65	0	   0.456	   8.041	   2.234	  55.000	  75.000	   0.000	 230.000	 280.000
17:27:36:736	7,83564E+13	   17.085	   12.000	3200	  26.215	 449.015	 124.726	  14.774	 254.765	  70.768	70	0	   0.477	   8.093	   2.248	  55.000	  75.000	   0.000	 230.000	 280.000
17:27:36:845	7,83567E+13	   17.193	   12.000	3200	  25.992	 451.837	 125.510	  14.769	 256.368	  71.213	72	0	   0.455	   8.142	   2.262	  55.000	  75.000	   0.000	 230.000	 280.000
17:27:36:953	7,8357E+13	   17.301	   13.000	3200	  26.309	 454.678	 126.299	  14.901	 257.977	  71.660	63	0	   0.499	   8.196	   2.277	  55.000	  75.000	   0.000	 230.000	 280.000
17:27:37:062	7,83573E+13	   17.411	   17.000	3200	  26.448	 457.583	 127.106	  15.062	 259.632	  72.120	61	0	   0.486	   8.250	   2.292	  55.000	  75.000	   0.000	 230.000	 280.000
17:27:37:172	7,83576E+13	   17.521	    8.000	3100	  21.231	 459.918	 127.755	   9.808	 260.711	  72.420	47	0	   0.530	   8.308	   2.308	  55.000	  75.000	   0.000	 230.000	 280.000
17:27:37:282	7,83579E+13	   17.630	    6.000	1600	  11.908	 461.219	 128.116	   0.599	 260.776	  72.438	44	0	   0.555	   8.369	   2.325	  55.000	  75.000	   0.000	 230.000	 280.000
17:27:37:392	7,83582E+13	   17.740	    3.000	800	  11.696	 462.508	 128.475	   0.370	 260.817	  72.449	44	0	   0.533	   8.427	   2.341	  55.000	  75.000	   0.000	 230.000	 280.000
17:27:37:499	7,83585E+13	   17.848	    4.000	800	  11.412	 463.738	 128.816	   0.245	 260.843	  72.456	43	0	   0.522	   8.484	   2.357	  55.000	  75.000	   0.000	 230.000	 280.000
17:27:37:507	7,83585E+13	   17.856	    8.000	2600	  12.278	 463.831	 128.842	   1.346	 260.854	  72.459	43	0	   0.641	   8.488	   2.358	  55.000	  75.000	   0.000	 230.000	 280.000
																				
Total Elapsed Time (sec) = 17.855852											66,35365854									
Measured RDTSC Frequency (GHz) = 2.712																				
																				
Cumulative Processor Energy_0 (Joules) = 463.831482																				
Cumulative Processor Energy_0 (mWh) = 128.842078																				
Average Processor Power_0 (Watt) = 25.976441																				
																				
Cumulative IA Energy_0 (Joules) = 260.853577																				
Cumulative IA Energy_0 (mWh) = 72.459327																				
Average IA Power_0 (Watt) = 14.608857																				
																				
Cumulative DRAM Energy_0 (Joules) = 8.488464																				
Cumulative DRAM Energy_0 (mWh) = 2.357907																				
Average DRAM Power_0 (Watt) = 0.475388																				
