System Time	RDTSC	Elapsed Time (sec)	 CPU Utilization(%)	CPU Frequency_0(MHz)	Processor Power_0(Watt)	Cumulative Processor Energy_0(Joules)	Cumulative Processor Energy_0(mWh)	IA Power_0(Watt)	Cumulative IA Energy_0(Joules)	Cumulative IA Energy_0(mWh)	Package Temperature_0(C)	Package Hot_0	DRAM Power_0(Watt)	Cumulative DRAM Energy_0(Joules)	Cumulative DRAM Energy_0(mWh)	Package PL1_0(Watt)	Package PL2_0(Watt)	Package PL4_0(Watt)	Platform PsysPL1_0(Watt)	Platform PsysPL2_0(Watt)
17:24:21:414	7,78267E+13	    0.103	   49.000	3200	  35.583	   3.670	   1.019	  23.999	   2.475	   0.688	59	0	   1.305	   0.135	   0.037	  55.000	  75.000	   0.000	 230.000	 280.000
17:24:21:524	7,7827E+13	    0.213	   20.000	3300	  28.217	   6.780	   1.883	  16.673	   4.313	   1.198	61	0	   0.827	   0.226	   0.063	  55.000	  75.000	   0.000	 230.000	 280.000
17:24:21:631	7,78273E+13	    0.319	   42.000	3200	  34.178	  10.400	   2.889	  22.582	   6.705	   1.862	64	0	   1.151	   0.348	   0.097	  55.000	  75.000	   0.000	 230.000	 280.000
17:24:21:740	7,78276E+13	    0.429	   37.000	3200	  34.650	  14.207	   3.946	  22.996	   9.231	   2.564	59	0	   0.982	   0.456	   0.127	  55.000	  75.000	   0.000	 230.000	 280.000
17:24:21:858	7,78279E+13	    0.547	   60.000	3200	  35.355	  18.359	   5.100	  23.652	  12.009	   3.336	65	0	   0.911	   0.563	   0.156	  55.000	  75.000	   0.000	 230.000	 280.000
17:24:21:971	7,78282E+13	    0.659	   50.000	3200	  39.202	  22.776	   6.327	  27.726	  15.133	   4.204	66	0	   1.133	   0.690	   0.192	  55.000	  75.000	   0.000	 230.000	 280.000
17:24:22:079	7,78285E+13	    0.768	   82.000	3200	  45.465	  27.736	   7.705	  33.857	  18.827	   5.230	69	0	   1.346	   0.837	   0.233	  55.000	  75.000	   0.000	 230.000	 280.000
17:24:22:184	7,78288E+13	    0.874	   73.000	3200	  44.637	  32.440	   9.011	  32.668	  22.269	   6.186	67	0	   1.321	   0.976	   0.271	  55.000	  75.000	   0.000	 230.000	 280.000
17:24:22:292	7,78291E+13	    0.981	   98.000	3200	  47.439	  37.520	  10.422	  35.642	  26.086	   7.246	70	0	   1.598	   1.148	   0.319	  55.000	  75.000	   0.000	 230.000	 280.000
17:24:22:400	7,78294E+13	    1.089	   86.000	3200	  38.084	  41.643	  11.568	  33.477	  29.711	   8.253	64	0	   1.655	   1.327	   0.369	  55.000	  75.000	   0.000	 230.000	 280.000
17:24:22:506	7,78297E+13	    1.196	   85.000	3200	  37.581	  45.649	  12.680	  33.156	  33.244	   9.235	73	0	   1.637	   1.501	   0.417	  55.000	  75.000	   0.000	 230.000	 280.000
17:24:22:620	7,783E+13	    1.309	   80.000	3200	  37.507	  49.899	  13.861	  33.314	  37.019	  10.283	69	0	   1.521	   1.674	   0.465	  55.000	  75.000	   0.000	 230.000	 280.000
17:24:22:726	7,78303E+13	    1.415	   70.000	3200	  36.204	  53.744	  14.929	  32.033	  40.422	  11.228	72	0	   1.413	   1.824	   0.507	  55.000	  75.000	   0.000	 230.000	 280.000
17:24:22:834	7,78305E+13	    1.522	   63.000	3200	  33.184	  57.305	  15.918	  28.733	  43.505	  12.085	68	0	   1.298	   1.963	   0.545	  55.000	  75.000	   0.000	 230.000	 280.000
17:24:22:956	7,78309E+13	    1.645	   81.000	3200	  36.735	  61.798	  17.166	  32.436	  47.472	  13.187	70	0	   1.710	   2.172	   0.603	  55.000	  75.000	   0.000	 230.000	 280.000
17:24:23:064	7,78312E+13	    1.753	   83.000	3200	  36.408	  65.727	  18.257	  32.052	  50.931	  14.147	68	0	   1.551	   2.339	   0.650	  55.000	  75.000	   0.000	 230.000	 280.000
17:24:23:174	7,78315E+13	    1.863	   30.000	3200	  24.592	  68.436	  19.010	  20.531	  53.193	  14.776	66	0	   0.901	   2.439	   0.677	  55.000	  75.000	   0.000	 230.000	 280.000
17:24:23:284	7,78318E+13	    1.974	   18.000	3300	  18.995	  70.543	  19.595	  15.053	  54.862	  15.240	64	0	   0.667	   2.513	   0.698	  55.000	  75.000	   0.000	 230.000	 280.000
17:24:23:393	7,78321E+13	    2.081	   20.000	3200	  19.888	  72.681	  20.189	  15.998	  56.582	  15.717	62	0	   0.668	   2.585	   0.718	  55.000	  75.000	   0.000	 230.000	 280.000
17:24:23:504	7,78324E+13	    2.193	   14.000	3200	  18.439	  74.743	  20.762	  14.507	  58.205	  16.168	66	0	   0.554	   2.646	   0.735	  55.000	  75.000	   0.000	 230.000	 280.000
17:24:23:612	7,78327E+13	    2.301	   21.000	3200	  20.189	  76.912	  21.365	  16.162	  59.941	  16.650	64	0	   0.661	   2.717	   0.755	  55.000	  75.000	   0.000	 230.000	 280.000
17:24:23:718	7,78329E+13	    2.406	   14.000	3200	  18.144	  78.830	  21.897	  14.370	  61.460	  17.072	66	0	   0.531	   2.774	   0.770	  55.000	  75.000	   0.000	 230.000	 280.000
17:24:23:834	7,78333E+13	    2.523	   26.000	3400	  21.089	  81.285	  22.579	  17.047	  63.444	  17.623	57	0	   0.673	   2.852	   0.792	  55.000	  75.000	   0.000	 230.000	 280.000
17:24:23:932	7,78335E+13	    2.622	   15.000	3300	  18.784	  83.142	  23.095	  14.826	  64.910	  18.030	59	0	   0.572	   2.908	   0.808	  55.000	  75.000	   0.000	 230.000	 280.000
17:24:24:042	7,78338E+13	    2.731	   20.000	3200	  20.211	  85.358	  23.711	  16.383	  66.706	  18.530	66	0	   0.646	   2.979	   0.828	  55.000	  75.000	   0.000	 230.000	 280.000
17:24:24:151	7,78341E+13	    2.840	   14.000	3200	  18.671	  87.390	  24.275	  14.737	  68.310	  18.975	66	0	   0.549	   3.039	   0.844	  55.000	  75.000	   0.000	 230.000	 280.000
17:24:24:260	7,78344E+13	    2.949	   20.000	3200	  20.212	  89.593	  24.887	  16.255	  70.081	  19.467	65	0	   0.662	   3.111	   0.864	  55.000	  75.000	   0.000	 230.000	 280.000
17:24:24:368	7,78347E+13	    3.057	   14.000	3200	  18.661	  91.605	  25.446	  14.750	  71.672	  19.909	67	0	   0.546	   3.170	   0.881	  55.000	  75.000	   0.000	 230.000	 280.000
17:24:24:474	7,7835E+13	    3.164	   21.000	3200	  20.422	  93.783	  26.051	  16.388	  73.420	  20.394	64	0	   0.675	   3.242	   0.901	  55.000	  75.000	   0.000	 230.000	 280.000
17:24:24:583	7,78353E+13	    3.272	   14.000	3200	  18.201	  95.759	  26.600	  14.394	  74.982	  20.828	66	0	   0.534	   3.300	   0.917	  55.000	  75.000	   0.000	 230.000	 280.000
17:24:24:693	7,78356E+13	    3.381	   19.000	3200	  20.286	  97.977	  27.216	  16.388	  76.774	  21.326	63	0	   0.639	   3.370	   0.936	  55.000	  75.000	   0.000	 230.000	 280.000
17:24:24:824	7,78359E+13	    3.513	   25.000	3400	  19.224	 100.512	  27.920	  15.363	  78.800	  21.889	62	0	   0.535	   3.440	   0.956	  55.000	  75.000	   0.000	 230.000	 280.000
17:24:24:926	7,78362E+13	    3.614	   20.000	3200	  20.031	 102.535	  28.482	  16.012	  80.417	  22.338	62	0	   0.664	   3.507	   0.974	  55.000	  75.000	   0.000	 230.000	 280.000
17:24:25:035	7,78365E+13	    3.724	   14.000	3200	  18.647	 104.579	  29.050	  14.694	  82.028	  22.786	63	0	   0.548	   3.567	   0.991	  55.000	  75.000	   0.000	 230.000	 280.000
17:24:25:144	7,78368E+13	    3.833	   20.000	3200	  19.978	 106.750	  29.653	  15.973	  83.764	  23.268	66	0	   0.671	   3.640	   1.011	  55.000	  75.000	   0.000	 230.000	 280.000
17:24:25:252	7,78371E+13	    3.941	   48.000	3200	  31.748	 110.194	  30.609	  25.492	  86.529	  24.036	63	0	   1.011	   3.750	   1.042	  55.000	  75.000	   0.000	 230.000	 280.000
17:24:25:360	7,78374E+13	    4.049	   25.000	3200	  24.858	 112.875	  31.354	  18.311	  88.504	  24.584	64	0	   0.710	   3.827	   1.063	  55.000	  75.000	   0.000	 230.000	 280.000
17:24:25:470	7,78377E+13	    4.158	   14.000	3200	  21.566	 115.236	  32.010	  15.327	  90.182	  25.050	69	0	   0.514	   3.883	   1.079	  55.000	  75.000	   0.000	 230.000	 280.000
17:24:25:579	7,7838E+13	    4.269	   20.000	3200	  22.903	 117.763	  32.712	  16.378	  91.989	  25.553	66	0	   0.674	   3.957	   1.099	  55.000	  75.000	   0.000	 230.000	 280.000
17:24:25:688	7,78383E+13	    4.378	   14.000	3300	  21.191	 120.074	  33.354	  14.850	  93.608	  26.002	68	0	   0.540	   4.016	   1.116	  55.000	  75.000	   0.000	 230.000	 280.000
17:24:25:800	7,78386E+13	    4.488	   20.000	3200	  22.281	 122.536	  34.038	  15.999	  95.376	  26.493	65	0	   0.640	   4.087	   1.135	  55.000	  75.000	   0.000	 230.000	 280.000
17:24:25:906	7,78389E+13	    4.595	   17.000	3200	  22.542	 124.946	  34.707	  16.152	  97.103	  26.973	63	0	   0.568	   4.147	   1.152	  55.000	  75.000	   0.000	 230.000	 280.000
17:24:26:015	7,78392E+13	    4.703	   20.000	3200	  22.857	 127.415	  35.393	  16.462	  98.881	  27.467	60	0	   0.653	   4.218	   1.172	  55.000	  75.000	   0.000	 230.000	 280.000
17:24:26:123	7,78395E+13	    4.813	   14.000	3200	  21.587	 129.777	  36.049	  15.149	 100.539	  27.927	68	0	   0.537	   4.277	   1.188	  55.000	  75.000	   0.000	 230.000	 280.000
17:24:26:231	7,78398E+13	    4.920	   20.000	3200	  22.798	 132.223	  36.729	  16.502	 102.309	  28.419	62	0	   0.637	   4.345	   1.207	  55.000	  75.000	   0.000	 230.000	 280.000
17:24:26:338	7,784E+13	    5.027	   15.000	3200	  21.328	 134.509	  37.364	  14.961	 103.913	  28.865	63	0	   0.573	   4.406	   1.224	  55.000	  75.000	   0.000	 230.000	 280.000
17:24:26:449	7,78403E+13	    5.138	   37.000	3200	  27.945	 137.608	  38.224	  21.509	 106.298	  29.527	65	0	   0.727	   4.487	   1.246	  55.000	  75.000	   0.000	 230.000	 280.000
17:24:26:561	7,78407E+13	    5.250	   16.000	3200	  22.470	 140.124	  38.923	  16.109	 108.102	  30.028	56	0	   0.586	   4.553	   1.265	  55.000	  75.000	   0.000	 230.000	 280.000
17:24:26:668	7,78409E+13	    5.357	   16.000	3200	  21.182	 142.395	  39.554	  14.849	 109.694	  30.471	58	0	   0.573	   4.614	   1.282	  55.000	  75.000	   0.000	 230.000	 280.000
17:24:26:776	7,78412E+13	    5.464	   17.000	3200	  22.109	 144.764	  40.212	  15.787	 111.385	  30.940	55	0	   0.603	   4.679	   1.300	  55.000	  75.000	   0.000	 230.000	 280.000
17:24:26:883	7,78415E+13	    5.572	   17.000	3200	  23.216	 147.254	  40.904	  16.706	 113.177	  31.438	67	0	   0.602	   4.743	   1.318	  55.000	  75.000	   0.000	 230.000	 280.000
17:24:26:993	7,78418E+13	    5.682	   17.000	3200	  22.645	 149.744	  41.595	  16.264	 114.965	  31.935	57	0	   0.594	   4.809	   1.336	  55.000	  75.000	   0.000	 230.000	 280.000
17:24:27:101	7,78421E+13	    5.789	   17.000	3200	  21.318	 152.044	  42.234	  15.141	 116.599	  32.389	65	0	   0.567	   4.870	   1.353	  55.000	  75.000	   0.000	 230.000	 280.000
17:24:27:209	7,78424E+13	    5.897	   25.000	3200	  25.242	 154.770	  42.992	  18.823	 118.632	  32.953	60	0	   0.721	   4.948	   1.374	  55.000	  75.000	   0.000	 230.000	 280.000
17:24:27:332	7,78427E+13	    6.021	   18.000	3200	  21.336	 157.408	  43.725	  14.893	 120.474	  33.465	62	0	   0.594	   5.021	   1.395	  55.000	  75.000	   0.000	 230.000	 280.000
17:24:27:439	7,7843E+13	    6.127	   20.000	3300	  23.117	 159.863	  44.406	  16.730	 122.250	  33.958	60	0	   0.606	   5.085	   1.413	  55.000	  75.000	   0.000	 230.000	 280.000
17:24:27:547	7,78433E+13	    6.236	   15.000	3200	  21.418	 162.185	  45.051	  14.955	 123.871	  34.409	62	0	   0.564	   5.147	   1.430	  55.000	  75.000	   0.000	 230.000	 280.000
17:24:27:658	7,78436E+13	    6.347	   20.000	3200	  22.932	 164.741	  45.761	  16.642	 125.726	  34.924	60	0	   0.600	   5.214	   1.448	  55.000	  75.000	   0.000	 230.000	 280.000
17:24:27:767	7,78439E+13	    6.456	   15.000	3200	  21.219	 167.058	  46.405	  14.932	 127.357	  35.377	63	0	   0.556	   5.274	   1.465	  55.000	  75.000	   0.000	 230.000	 280.000
17:24:27:878	7,78442E+13	    6.566	   28.000	3200	  26.439	 169.966	  47.213	  17.632	 129.296	  35.916	65	0	   0.649	   5.346	   1.485	  55.000	  75.000	   0.000	 230.000	 280.000
17:24:27:989	7,78445E+13	    6.678	   14.000	3200	  25.867	 172.859	  48.016	  14.455	 130.913	  36.365	65	0	   0.546	   5.407	   1.502	  55.000	  75.000	   0.000	 230.000	 280.000
17:24:28:098	7,78448E+13	    6.787	   19.000	3200	  27.503	 175.853	  48.848	  16.036	 132.658	  36.850	63	0	   0.633	   5.476	   1.521	  55.000	  75.000	   0.000	 230.000	 280.000
17:24:28:205	7,78451E+13	    6.894	   14.000	3200	  26.349	 178.675	  49.632	  14.963	 134.261	  37.295	60	0	   0.541	   5.533	   1.537	  55.000	  75.000	   0.000	 230.000	 280.000
17:24:28:314	7,78454E+13	    7.003	   20.000	3200	  28.025	 181.730	  50.481	  16.602	 136.071	  37.797	66	0	   0.644	   5.604	   1.557	  55.000	  75.000	   0.000	 230.000	 280.000
17:24:28:425	7,78457E+13	    7.113	   14.000	3200	  26.486	 184.648	  51.291	  15.144	 137.739	  38.261	63	0	   0.523	   5.661	   1.573	  55.000	  75.000	   0.000	 230.000	 280.000
17:24:28:531	7,7846E+13	    7.220	   20.000	3300	  27.813	 187.620	  52.117	  16.341	 139.485	  38.746	65	0	   0.656	   5.731	   1.592	  55.000	  75.000	   0.000	 230.000	 280.000
17:24:28:640	7,78463E+13	    7.329	   14.000	3200	  26.170	 190.473	  52.909	  14.788	 141.098	  39.194	68	0	   0.536	   5.790	   1.608	  55.000	  75.000	   0.000	 230.000	 280.000
17:24:28:748	7,78466E+13	    7.437	   20.000	3200	  27.609	 193.450	  53.736	  16.104	 142.834	  39.676	66	0	   0.669	   5.862	   1.628	  55.000	  75.000	   0.000	 230.000	 280.000
17:24:28:856	7,78469E+13	    7.544	   18.000	3200	  27.114	 196.365	  54.546	  15.854	 144.538	  40.150	67	0	   0.533	   5.919	   1.644	  55.000	  75.000	   0.000	 230.000	 280.000
17:24:28:962	7,78472E+13	    7.651	   20.000	3200	  28.096	 199.344	  55.373	  16.410	 146.279	  40.633	67	0	   0.649	   5.988	   1.663	  55.000	  75.000	   0.000	 230.000	 280.000
17:24:29:069	7,78475E+13	    7.757	   14.000	3200	  25.826	 202.106	  56.140	  14.672	 147.847	  41.069	62	0	   0.505	   6.042	   1.678	  55.000	  75.000	   0.000	 230.000	 280.000
17:24:29:190	7,78478E+13	    7.878	   20.000	3200	  27.534	 205.432	  57.065	  16.038	 149.785	  41.607	61	0	   0.649	   6.120	   1.700	  55.000	  75.000	   0.000	 230.000	 280.000
17:24:29:299	7,78481E+13	    7.987	   15.000	3200	  26.857	 208.365	  57.879	  15.282	 151.454	  42.071	67	0	   0.532	   6.178	   1.716	  55.000	  75.000	   0.000	 230.000	 280.000
17:24:29:409	7,78484E+13	    8.097	   19.000	3200	  27.217	 211.355	  58.710	  15.983	 153.210	  42.558	65	0	   0.630	   6.248	   1.735	  55.000	  75.000	   0.000	 230.000	 280.000
17:24:29:519	7,78487E+13	    8.208	   14.000	3200	  26.747	 214.312	  59.531	  15.273	 154.898	  43.027	67	0	   0.508	   6.304	   1.751	  55.000	  75.000	   0.000	 230.000	 280.000
17:24:29:628	7,7849E+13	    8.316	   19.000	3200	  27.355	 217.277	  60.355	  16.008	 156.634	  43.509	69	0	   0.632	   6.372	   1.770	  55.000	  75.000	   0.000	 230.000	 280.000
17:24:29:736	7,78493E+13	    8.424	   14.000	3200	  27.371	 220.231	  61.175	  15.981	 158.358	  43.988	69	0	   0.511	   6.427	   1.785	  55.000	  75.000	   0.000	 230.000	 280.000
17:24:29:845	7,78496E+13	    8.533	   21.000	3200	  29.106	 223.406	  62.057	  17.665	 160.285	  44.524	62	0	   0.669	   6.500	   1.806	  55.000	  75.000	   0.000	 230.000	 280.000
17:24:29:954	7,78499E+13	    8.643	   17.000	3200	  26.865	 226.357	  62.877	  15.490	 161.986	  44.996	56	0	   0.583	   6.564	   1.823	  55.000	  75.000	   0.000	 230.000	 280.000
17:24:30:065	7,78502E+13	    8.754	   16.000	3200	  26.994	 229.352	  63.709	  15.502	 163.707	  45.474	67	0	   0.573	   6.628	   1.841	  55.000	  75.000	   0.000	 230.000	 280.000
17:24:30:173	7,78504E+13	    8.862	   19.000	3200	  27.644	 232.340	  64.539	  16.215	 165.459	  45.961	60	0	   0.633	   6.696	   1.860	  55.000	  75.000	   0.000	 230.000	 280.000
17:24:30:280	7,78507E+13	    8.969	   14.000	3200	  25.723	 235.084	  65.301	  14.258	 166.980	  46.383	67	0	   0.534	   6.753	   1.876	  55.000	  75.000	   0.000	 230.000	 280.000
17:24:30:391	7,7851E+13	    9.079	   19.000	3200	  27.627	 238.133	  66.148	  16.267	 168.775	  46.882	60	0	   0.623	   6.822	   1.895	  55.000	  75.000	   0.000	 230.000	 280.000
17:24:30:497	7,78513E+13	    9.186	   25.000	3200	  29.473	 241.283	  67.023	  17.982	 170.698	  47.416	61	0	   0.729	   6.900	   1.917	  55.000	  75.000	   0.000	 230.000	 280.000
17:24:30:605	7,78516E+13	    9.293	   20.000	3200	  27.764	 244.258	  67.849	  16.471	 172.462	  47.906	60	0	   0.635	   6.968	   1.936	  55.000	  75.000	   0.000	 230.000	 280.000
17:24:30:715	7,78519E+13	    9.404	   13.000	3200	  25.962	 247.138	  68.649	  14.449	 174.065	  48.351	72	0	   0.528	   7.027	   1.952	  55.000	  75.000	   0.000	 230.000	 280.000
17:24:30:830	7,78522E+13	    9.520	   25.000	3400	  28.815	 250.465	  69.574	  17.274	 176.060	  48.906	62	0	   0.645	   7.101	   1.973	  55.000	  75.000	   0.000	 230.000	 280.000
17:24:30:932	7,78525E+13	    9.621	   14.000	3200	  25.999	 253.103	  70.307	  14.704	 177.552	  49.320	65	0	   0.549	   7.157	   1.988	  55.000	  75.000	   0.000	 230.000	 280.000
17:24:31:043	7,78528E+13	    9.732	   19.000	3200	  27.886	 256.187	  71.163	  16.349	 179.359	  49.822	60	0	   0.639	   7.227	   2.008	  55.000	  75.000	   0.000	 230.000	 280.000
17:24:31:153	7,78531E+13	    9.841	   23.000	3200	  28.350	 259.292	  72.025	  17.013	 181.223	  50.340	62	0	   0.667	   7.300	   2.028	  55.000	  75.000	   0.000	 230.000	 280.000
17:24:31:259	7,78534E+13	    9.948	   20.000	3200	  27.538	 262.238	  72.844	  16.098	 182.945	  50.818	61	0	   0.663	   7.371	   2.048	  55.000	  75.000	   0.000	 230.000	 280.000
17:24:31:367	7,78537E+13	   10.056	   14.000	3200	  25.871	 265.026	  73.618	  14.423	 184.500	  51.250	63	0	   0.532	   7.429	   2.064	  55.000	  75.000	   0.000	 230.000	 280.000
17:24:31:479	7,7854E+13	   10.168	   21.000	3200	  27.790	 268.139	  74.483	  16.356	 186.332	  51.759	67	0	   0.643	   7.501	   2.084	  55.000	  75.000	   0.000	 230.000	 280.000
17:24:31:590	7,78543E+13	   10.278	   60.000	3200	  39.603	 272.508	  75.697	  28.290	 189.452	  52.626	66	0	   1.040	   7.615	   2.115	  55.000	  75.000	   0.000	 230.000	 280.000
17:24:31:698	7,78546E+13	   10.386	   29.000	3200	  31.797	 275.943	  76.651	  20.142	 191.628	  53.230	69	0	   0.766	   7.698	   2.138	  55.000	  75.000	   0.000	 230.000	 280.000
17:24:31:827	7,78549E+13	   10.516	   25.000	3400	  27.660	 279.530	  77.647	  16.227	 193.733	  53.815	64	0	   0.556	   7.770	   2.158	  55.000	  75.000	   0.000	 230.000	 280.000
17:24:31:917	7,78552E+13	   10.605	   22.000	3200	  27.924	 282.028	  78.341	  16.514	 195.210	  54.225	65	0	   0.696	   7.832	   2.176	  55.000	  75.000	   0.000	 230.000	 280.000
17:24:32:028	7,78555E+13	   10.716	   16.000	3200	  26.905	 285.011	  79.170	  15.465	 196.925	  54.701	67	0	   0.586	   7.897	   2.194	  55.000	  75.000	   0.000	 230.000	 280.000
17:24:32:137	7,78558E+13	   10.825	   20.000	3200	  28.313	 288.098	  80.027	  16.892	 198.767	  55.213	67	0	   0.652	   7.968	   2.213	  55.000	  75.000	   0.000	 230.000	 280.000
17:24:32:243	7,78561E+13	   10.932	   14.000	3200	  26.037	 290.874	  80.798	  14.540	 200.317	  55.644	66	0	   0.532	   8.025	   2.229	  55.000	  75.000	   0.000	 230.000	 280.000
17:24:32:354	7,78564E+13	   11.043	   21.000	3200	  27.886	 293.958	  81.655	  16.352	 202.125	  56.146	63	0	   0.654	   8.098	   2.249	  55.000	  75.000	   0.000	 230.000	 280.000
17:24:32:461	7,78567E+13	   11.150	   15.000	3200	  26.111	 296.766	  82.435	  14.836	 203.721	  56.589	66	0	   0.549	   8.157	   2.266	  55.000	  75.000	   0.000	 230.000	 280.000
17:24:32:571	7,78569E+13	   11.259	   19.000	3200	  27.561	 299.777	  83.271	  16.196	 205.490	  57.081	65	0	   0.640	   8.226	   2.285	  55.000	  75.000	   0.000	 230.000	 280.000
17:24:32:679	7,78572E+13	   11.367	   13.000	3200	  26.526	 302.638	  84.066	  15.094	 207.118	  57.533	67	0	   0.518	   8.282	   2.301	  55.000	  75.000	   0.000	 230.000	 280.000
17:24:32:789	7,78575E+13	   11.478	   19.000	3200	  27.300	 305.663	  84.906	  15.817	 208.871	  58.020	67	0	   0.630	   8.352	   2.320	  55.000	  75.000	   0.000	 230.000	 280.000
17:24:32:898	7,78578E+13	   11.587	   20.000	3200	  28.035	 308.721	  85.756	  16.671	 210.689	  58.525	56	0	   0.605	   8.418	   2.338	  55.000	  75.000	   0.000	 230.000	 280.000
17:24:33:011	7,78581E+13	   11.699	   17.000	3200	  26.526	 311.698	  86.583	  15.145	 212.389	  58.997	68	0	   0.600	   8.486	   2.357	  55.000	  75.000	   0.000	 230.000	 280.000
17:24:33:119	7,78584E+13	   11.808	   18.000	3200	  27.546	 314.678	  87.411	  15.914	 214.110	  59.475	63	0	   0.606	   8.551	   2.375	  55.000	  75.000	   0.000	 230.000	 280.000
17:24:33:227	7,78587E+13	   11.915	   15.000	3200	  26.434	 317.532	  88.203	  15.019	 215.732	  59.926	63	0	   0.570	   8.613	   2.392	  55.000	  75.000	   0.000	 230.000	 280.000
17:24:33:334	7,7859E+13	   12.023	   18.000	3200	  27.144	 320.455	  89.015	  15.860	 217.440	  60.400	61	0	   0.608	   8.678	   2.411	  55.000	  75.000	   0.000	 230.000	 280.000
17:24:33:444	7,78593E+13	   12.132	   14.000	3200	  25.836	 323.272	  89.798	  14.467	 219.017	  60.838	63	0	   0.545	   8.738	   2.427	  55.000	  75.000	   0.000	 230.000	 280.000
17:24:33:564	7,78596E+13	   12.253	   18.000	3200	  27.465	 326.593	  90.720	  16.027	 220.956	  61.377	61	0	   0.611	   8.811	   2.448	  55.000	  75.000	   0.000	 230.000	 280.000
17:24:33:674	7,78599E+13	   12.363	   14.000	3200	  26.181	 329.471	  91.520	  14.768	 222.579	  61.827	67	0	   0.527	   8.869	   2.464	  55.000	  75.000	   0.000	 230.000	 280.000
17:24:33:784	7,78602E+13	   12.473	   19.000	3200	  27.970	 332.539	  92.372	  16.468	 224.385	  62.329	64	0	   0.621	   8.938	   2.483	  55.000	  75.000	   0.000	 230.000	 280.000
17:24:33:893	7,78605E+13	   12.582	   17.000	3200	  27.280	 335.518	  93.200	  15.926	 226.124	  62.812	67	0	   0.571	   9.000	   2.500	  55.000	  75.000	   0.000	 230.000	 280.000
17:24:34:001	7,78608E+13	   12.690	   20.000	3200	  27.567	 338.494	  94.026	  16.108	 227.863	  63.295	65	0	   0.651	   9.070	   2.519	  55.000	  75.000	   0.000	 230.000	 280.000
17:24:34:110	7,78611E+13	   12.799	   14.000	3200	  26.581	 341.381	  94.828	  15.096	 229.503	  63.751	64	0	   0.529	   9.128	   2.535	  55.000	  75.000	   0.000	 230.000	 280.000
17:24:34:219	7,78614E+13	   12.908	   21.000	3200	  28.188	 344.455	  95.682	  16.753	 231.330	  64.258	60	0	   0.683	   9.202	   2.556	  55.000	  75.000	   0.000	 230.000	 280.000
17:24:34:326	7,78617E+13	   13.015	   13.000	3200	  25.672	 347.214	  96.448	  14.383	 232.875	  64.688	66	0	   0.518	   9.258	   2.572	  55.000	  75.000	   0.000	 230.000	 280.000
17:24:34:436	7,7862E+13	   13.124	   20.000	3200	  27.616	 350.229	  97.286	  16.221	 234.647	  65.180	65	0	   0.657	   9.329	   2.592	  55.000	  75.000	   0.000	 230.000	 280.000
17:24:34:545	7,78623E+13	   13.234	   14.000	3200	  26.285	 353.110	  98.086	  14.815	 236.270	  65.631	66	0	   0.532	   9.388	   2.608	  55.000	  75.000	   0.000	 230.000	 280.000
17:24:34:654	7,78626E+13	   13.342	   19.000	3200	  27.432	 356.085	  98.913	  16.111	 238.018	  66.116	67	0	   0.633	   9.456	   2.627	  55.000	  75.000	   0.000	 230.000	 280.000
17:24:34:764	7,78629E+13	   13.453	   13.000	3200	  26.743	 359.042	  99.734	  15.242	 239.703	  66.584	64	0	   0.521	   9.514	   2.643	  55.000	  75.000	   0.000	 230.000	 280.000
17:24:34:874	7,78632E+13	   13.563	   19.000	3200	  29.135	 362.252	 100.626	  17.730	 241.657	  67.127	61	0	   0.673	   9.588	   2.663	  55.000	  75.000	   0.000	 230.000	 280.000
17:24:34:980	7,78635E+13	   13.669	   15.000	3200	  26.337	 365.031	 101.397	  14.785	 243.216	  67.560	70	0	   0.561	   9.647	   2.680	  55.000	  75.000	   0.000	 230.000	 280.000
17:24:35:089	7,78638E+13	   13.778	   20.000	3200	  27.344	 368.022	 102.228	  15.984	 244.965	  68.046	61	0	   0.644	   9.718	   2.699	  55.000	  75.000	   0.000	 230.000	 280.000
17:24:35:199	7,78641E+13	   13.888	   14.000	3200	  26.325	 370.925	 103.035	  14.994	 246.619	  68.505	65	0	   0.543	   9.778	   2.716	  55.000	  75.000	   0.000	 230.000	 280.000
17:24:35:311	7,78644E+13	   13.999	   20.000	3200	  27.942	 374.029	 103.897	  16.524	 248.454	  69.015	67	0	   0.654	   9.851	   2.736	  55.000	  75.000	   0.000	 230.000	 280.000
17:24:35:418	7,78647E+13	   14.106	   14.000	3200	  25.939	 376.806	 104.668	  14.553	 250.012	  69.448	62	0	   0.516	   9.906	   2.752	  55.000	  75.000	   0.000	 230.000	 280.000
17:24:35:525	7,7865E+13	   14.214	   19.000	3200	  27.579	 379.777	 105.494	  16.095	 251.746	  69.929	67	0	   0.650	   9.976	   2.771	  55.000	  75.000	   0.000	 230.000	 280.000
17:24:35:635	7,78653E+13	   14.323	   14.000	3200	  26.261	 382.644	 106.290	  14.924	 253.375	  70.382	66	0	   0.518	  10.032	   2.787	  55.000	  75.000	   0.000	 230.000	 280.000
17:24:35:744	7,78656E+13	   14.433	   19.000	3200	  27.209	 385.629	 107.119	  15.708	 255.099	  70.861	65	0	   0.626	  10.101	   2.806	  55.000	  75.000	   0.000	 230.000	 280.000
17:24:35:853	7,78659E+13	   14.542	   27.000	3200	  28.400	 388.728	 107.980	  17.014	 256.955	  71.376	55	0	   0.606	  10.167	   2.824	  55.000	  75.000	   0.000	 230.000	 280.000
17:24:35:961	7,78661E+13	   14.650	   17.000	3200	  27.250	 391.672	 108.798	  15.803	 258.663	  71.851	65	0	   0.612	  10.233	   2.843	  55.000	  75.000	   0.000	 230.000	 280.000
17:24:36:069	7,78664E+13	   14.757	   17.000	3200	  27.020	 394.571	 109.603	  15.714	 260.348	  72.319	56	0	   0.607	  10.299	   2.861	  55.000	  75.000	   0.000	 230.000	 280.000
17:24:36:190	7,78668E+13	   14.879	   16.000	3200	  26.460	 397.788	 110.497	  14.923	 262.163	  72.823	61	0	   0.559	  10.366	   2.880	  55.000	  75.000	   0.000	 230.000	 280.000
17:24:36:288	7,7867E+13	   14.977	   19.000	3200	  27.139	 400.451	 111.236	  15.826	 263.716	  73.254	54	0	   0.625	  10.428	   2.897	  55.000	  75.000	   0.000	 230.000	 280.000
17:24:36:408	7,78674E+13	   15.097	   16.000	3200	  26.033	 403.569	 112.102	  14.503	 265.452	  73.737	65	0	   0.568	  10.496	   2.915	  55.000	  75.000	   0.000	 230.000	 280.000
17:24:36:518	7,78677E+13	   15.207	   19.000	3200	  28.013	 406.658	 112.960	  16.645	 267.288	  74.247	61	0	   0.611	  10.563	   2.934	  55.000	  75.000	   0.000	 230.000	 280.000
17:24:36:628	7,7868E+13	   15.317	   14.000	3200	  25.932	 409.510	 113.753	  14.559	 268.889	  74.691	67	0	   0.534	  10.622	   2.951	  55.000	  75.000	   0.000	 230.000	 280.000
17:24:36:724	7,78682E+13	   15.413	   17.000	3200	  27.528	 412.153	 114.487	  16.104	 270.435	  75.121	61	0	   0.569	  10.677	   2.966	  55.000	  75.000	   0.000	 230.000	 280.000
17:24:36:847	7,78685E+13	   15.535	   20.000	3200	  26.744	 415.421	 115.395	  15.389	 272.316	  75.643	65	0	   0.537	  10.742	   2.984	  55.000	  75.000	   0.000	 230.000	 280.000
17:24:36:958	7,78688E+13	   15.647	   17.000	3200	  27.123	 418.452	 116.237	  15.683	 274.069	  76.130	68	0	   0.577	  10.807	   3.002	  55.000	  75.000	   0.000	 230.000	 280.000
17:24:37:081	7,78692E+13	   15.770	   14.000	3200	  26.441	 421.699	 117.139	  15.003	 275.911	  76.642	73	0	   0.526	  10.871	   3.020	  55.000	  75.000	   0.000	 230.000	 280.000
17:24:37:191	7,78695E+13	   15.880	   19.000	3200	  27.702	 424.754	 117.987	  16.319	 277.710	  77.142	61	0	   0.614	  10.939	   3.039	  55.000	  75.000	   0.000	 230.000	 280.000
17:24:37:300	7,78698E+13	   15.989	   13.000	3200	  26.614	 427.653	 118.792	  15.225	 279.369	  77.602	66	0	   0.508	  10.994	   3.054	  55.000	  75.000	   0.000	 230.000	 280.000
17:24:37:407	7,78701E+13	   16.095	   19.000	3200	  27.329	 430.552	 119.598	  15.901	 281.056	  78.071	62	0	   0.617	  11.060	   3.072	  55.000	  75.000	   0.000	 230.000	 280.000
17:24:37:517	7,78704E+13	   16.205	   12.000	3200	  26.323	 433.448	 120.402	  14.983	 282.704	  78.529	66	0	   0.476	  11.112	   3.087	  55.000	  75.000	   0.000	 230.000	 280.000
17:24:37:625	7,78707E+13	   16.314	   24.000	3200	  29.054	 436.599	 121.277	  17.448	 284.596	  79.054	67	0	   0.715	  11.190	   3.108	  55.000	  75.000	   0.000	 230.000	 280.000
17:24:37:735	7,7871E+13	   16.423	   13.000	3200	  26.289	 439.487	 122.080	  14.874	 286.230	  79.508	66	0	   0.511	  11.246	   3.124	  55.000	  75.000	   0.000	 230.000	 280.000
17:24:37:843	7,78712E+13	   16.532	   21.000	3200	  29.443	 442.674	 122.965	  18.062	 288.185	  80.052	64	0	   0.681	  11.319	   3.144	  55.000	  75.000	   0.000	 230.000	 280.000
17:24:37:954	7,78715E+13	   16.643	   12.000	3200	  26.520	 445.629	 123.786	  15.243	 289.884	  80.523	71	0	   0.486	  11.374	   3.159	  55.000	  75.000	   0.000	 230.000	 280.000
17:24:38:065	7,78719E+13	   16.754	   18.000	3200	  27.176	 448.643	 124.623	  15.728	 291.628	  81.008	68	0	   0.604	  11.441	   3.178	  55.000	  75.000	   0.000	 230.000	 280.000
17:24:38:175	7,78721E+13	   16.864	   15.000	3200	  27.322	 451.638	 125.455	  15.851	 293.366	  81.490	60	0	   0.531	  11.499	   3.194	  55.000	  75.000	   0.000	 230.000	 280.000
17:24:38:282	7,78724E+13	   16.971	   16.000	3200	  25.966	 454.422	 126.228	  14.602	 294.931	  81.925	62	0	   0.585	  11.562	   3.212	  55.000	  75.000	   0.000	 230.000	 280.000
17:24:38:391	7,78727E+13	   17.080	   15.000	3200	  27.750	 457.447	 127.069	  16.387	 296.718	  82.422	56	0	   0.549	  11.621	   3.228	  55.000	  75.000	   0.000	 230.000	 280.000
17:24:38:500	7,7873E+13	   17.189	   15.000	3200	  26.977	 460.389	 127.886	  15.560	 298.415	  82.893	64	0	   0.545	  11.681	   3.245	  55.000	  75.000	   0.000	 230.000	 280.000
17:24:38:609	7,78733E+13	   17.298	   15.000	3200	  27.250	 463.349	 128.708	  15.783	 300.129	  83.369	57	0	   0.519	  11.737	   3.260	  55.000	  75.000	   0.000	 230.000	 280.000
17:24:38:721	7,78736E+13	   17.409	   16.000	3200	  26.499	 466.313	 129.531	  15.284	 301.839	  83.844	68	0	   0.550	  11.799	   3.277	  55.000	  75.000	   0.000	 230.000	 280.000
17:24:38:852	7,7874E+13	   17.541	   25.000	3400	  28.505	 470.064	 130.573	  17.035	 304.080	  84.467	63	0	   0.603	  11.878	   3.299	  55.000	  75.000	   0.000	 230.000	 280.000
17:24:38:939	7,78742E+13	   17.628	   13.000	3200	  26.049	 472.329	 131.202	  14.602	 305.350	  84.819	69	0	   0.503	  11.922	   3.312	  55.000	  75.000	   0.000	 230.000	 280.000
17:24:39:051	7,78745E+13	   17.739	   17.000	3200	  27.441	 475.387	 132.052	  16.135	 307.148	  85.319	61	0	   0.563	  11.985	   3.329	  55.000	  75.000	   0.000	 230.000	 280.000
17:24:39:160	7,78748E+13	   17.848	   13.000	3200	  26.166	 478.234	 132.843	  14.767	 308.755	  85.765	68	0	   0.502	  12.039	   3.344	  55.000	  75.000	   0.000	 230.000	 280.000
17:24:39:267	7,78751E+13	   17.955	   18.000	3200	  27.559	 481.185	 133.662	  16.139	 310.483	  86.245	59	0	   0.600	  12.104	   3.362	  55.000	  75.000	   0.000	 230.000	 280.000
17:24:39:374	7,78754E+13	   18.062	   12.000	3200	  25.599	 483.925	 134.424	  14.234	 312.006	  86.668	63	0	   0.489	  12.156	   3.377	  55.000	  75.000	   0.000	 230.000	 280.000
17:24:39:482	7,78757E+13	   18.170	   18.000	3200	  27.997	 486.947	 135.263	  16.554	 313.794	  87.165	66	0	   0.587	  12.219	   3.394	  55.000	  75.000	   0.000	 230.000	 280.000
17:24:39:589	7,7876E+13	   18.278	   12.000	3200	  26.083	 489.757	 136.044	  14.670	 315.374	  87.604	71	0	   0.480	  12.271	   3.409	  55.000	  75.000	   0.000	 230.000	 280.000
17:24:39:698	7,78763E+13	   18.387	   18.000	3200	  27.910	 492.787	 136.885	  16.371	 317.151	  88.098	64	0	   0.589	  12.335	   3.426	  55.000	  75.000	   0.000	 230.000	 280.000
17:24:39:809	7,78766E+13	   18.498	   13.000	3200	  26.064	 495.679	 137.688	  14.681	 318.780	  88.550	62	0	   0.494	  12.390	   3.442	  55.000	  75.000	   0.000	 230.000	 280.000
17:24:39:919	7,78769E+13	   18.607	   21.000	3200	  28.304	 498.790	 138.553	  17.089	 320.658	  89.072	65	0	   0.613	  12.457	   3.460	  55.000	  75.000	   0.000	 230.000	 280.000
17:24:40:030	7,78772E+13	   18.719	   15.000	3200	  27.217	 501.832	 139.398	  15.817	 322.426	  89.563	69	0	   0.497	  12.513	   3.476	  55.000	  75.000	   0.000	 230.000	 280.000
17:24:40:136	7,78775E+13	   18.825	   20.000	3200	  28.357	 504.835	 140.232	  16.881	 324.214	  90.059	64	0	   0.626	  12.579	   3.494	  55.000	  75.000	   0.000	 230.000	 280.000
17:24:40:245	7,78778E+13	   18.933	   12.000	3200	  26.518	 507.701	 141.028	  15.188	 325.855	  90.515	66	0	   0.478	  12.631	   3.508	  55.000	  75.000	   0.000	 230.000	 280.000
17:24:40:353	7,78781E+13	   19.042	   18.000	3200	  27.267	 510.667	 141.852	  15.775	 327.571	  90.992	61	0	   0.604	  12.696	   3.527	  55.000	  75.000	   0.000	 230.000	 280.000
17:24:40:463	7,78784E+13	   19.152	   13.000	3200	  26.789	 513.609	 142.669	  15.428	 329.265	  91.463	72	0	   0.467	  12.748	   3.541	  55.000	  75.000	   0.000	 230.000	 280.000
17:24:40:574	7,78787E+13	   19.262	   20.000	3200	  28.193	 516.728	 143.536	  16.898	 331.135	  91.982	64	0	   0.649	  12.819	   3.561	  55.000	  75.000	   0.000	 230.000	 280.000
17:24:40:683	7,7879E+13	   19.372	   14.000	3200	  26.757	 519.668	 144.352	  15.321	 332.818	  92.450	59	0	   0.511	  12.876	   3.577	  55.000	  75.000	   0.000	 230.000	 280.000
17:24:40:795	7,78793E+13	   19.483	   18.000	3200	  27.111	 522.674	 145.187	  15.628	 334.551	  92.931	68	0	   0.603	  12.942	   3.595	  55.000	  75.000	   0.000	 230.000	 280.000
17:24:40:902	7,78795E+13	   19.591	   20.000	3200	  28.705	 525.767	 146.046	  17.281	 336.413	  93.448	66	0	   0.573	  13.004	   3.612	  55.000	  75.000	   0.000	 230.000	 280.000
17:24:41:011	7,78798E+13	   19.700	   16.000	3200	  26.992	 528.715	 146.865	  15.601	 338.117	  93.921	69	0	   0.574	  13.067	   3.630	  55.000	  75.000	   0.000	 230.000	 280.000
17:24:41:121	7,78801E+13	   19.809	   15.000	3200	  27.440	 531.710	 147.697	  16.097	 339.874	  94.409	59	0	   0.523	  13.124	   3.646	  55.000	  75.000	   0.000	 230.000	 280.000
17:24:41:230	7,78804E+13	   19.919	   36.000	3200	  31.109	 535.125	 148.646	  19.527	 342.018	  95.005	62	0	   1.075	  13.242	   3.678	  55.000	  75.000	   0.000	 230.000	 280.000
17:24:41:339	7,78807E+13	   20.027	   20.000	3200	  27.887	 538.144	 149.484	  16.313	 343.784	  95.496	58	0	   0.831	  13.332	   3.703	  55.000	  75.000	   0.000	 230.000	 280.000
17:24:41:446	7,7881E+13	   20.135	   14.000	3200	  26.951	 541.044	 150.290	  15.416	 345.442	  95.956	58	0	   0.676	  13.405	   3.724	  55.000	  75.000	   0.000	 230.000	 280.000
17:24:41:507	7,78812E+13	   20.196	   18.000	3300	  23.533	 542.481	 150.689	  12.123	 346.183	  96.162	49	0	   0.778	  13.452	   3.737	  55.000	  75.000	   0.000	 230.000	 280.000
																				
Total Elapsed Time (sec) = 20.196008											64,04864865									
Measured RDTSC Frequency (GHz) = 2.712																				
																				
Cumulative Processor Energy_0 (Joules) = 542.481445																				
Cumulative Processor Energy_0 (mWh) = 150.689290																				
Average Processor Power_0 (Watt) = 26.860826																				
																				
Cumulative IA Energy_0 (Joules) = 346.183044																				
Cumulative IA Energy_0 (mWh) = 96.161957																				
Average IA Power_0 (Watt) = 17.141162																				
																				
Cumulative DRAM Energy_0 (Joules) = 13.452148																				
Cumulative DRAM Energy_0 (mWh) = 3.736708																				
Average DRAM Power_0 (Watt) = 0.666080																				
