System Time	RDTSC	Elapsed Time (sec)	 CPU Utilization(%)	CPU Frequency_0(MHz)	Processor Power_0(Watt)	Cumulative Processor Energy_0(Joules)	Cumulative Processor Energy_0(mWh)	IA Power_0(Watt)	Cumulative IA Energy_0(Joules)	Cumulative IA Energy_0(mWh)	Package Temperature_0(C)	Package Hot_0	DRAM Power_0(Watt)	Cumulative DRAM Energy_0(Joules)	Cumulative DRAM Energy_0(mWh)	Package PL1_0(Watt)	Package PL2_0(Watt)	Package PL4_0(Watt)	Platform PsysPL1_0(Watt)	Platform PsysPL2_0(Watt)
17:24:51:067	7,79071E+13	    0.119	   51.000	3200	  38.204	   4.555	   1.265	  26.656	   3.178	   0.883	64	0	   1.033	   0.123	   0.034	  55.000	  75.000	   0.000	 230.000	 280.000
17:24:51:163	7,79074E+13	    0.215	   50.000	3200	  38.025	   8.210	   2.281	  26.551	   5.730	   1.592	66	0	   1.061	   0.225	   0.063	  55.000	  75.000	   0.000	 230.000	 280.000
17:24:51:283	7,79077E+13	    0.335	   84.000	3200	  45.942	  13.713	   3.809	  34.171	   9.823	   2.729	70	0	   1.348	   0.387	   0.107	  55.000	  75.000	   0.000	 230.000	 280.000
17:24:51:390	7,7908E+13	    0.443	   93.000	3200	  47.887	  18.862	   5.239	  35.893	  13.683	   3.801	73	0	   1.479	   0.546	   0.152	  55.000	  75.000	   0.000	 230.000	 280.000
17:24:51:498	7,79083E+13	    0.551	   96.000	3200	  44.340	  23.673	   6.576	  35.429	  17.526	   4.868	75	0	   1.687	   0.729	   0.202	  55.000	  75.000	   0.000	 230.000	 280.000
17:24:51:605	7,79086E+13	    0.658	   83.000	3200	  37.300	  27.653	   7.681	  32.827	  21.030	   5.842	72	0	   1.656	   0.905	   0.251	  55.000	  75.000	   0.000	 230.000	 280.000
17:24:51:714	7,79089E+13	    0.767	   84.000	3200	  38.760	  31.874	   8.854	  34.438	  24.780	   6.883	75	0	   1.485	   1.067	   0.296	  55.000	  75.000	   0.000	 230.000	 280.000
17:24:51:855	7,79092E+13	    0.908	   73.000	3200	  37.413	  37.149	  10.319	  33.130	  29.451	   8.181	70	0	   1.485	   1.276	   0.355	  55.000	  75.000	   0.000	 230.000	 280.000
17:24:51:932	7,79095E+13	    0.984	   60.000	3200	  32.949	  39.677	  11.021	  28.602	  31.645	   8.790	75	0	   1.288	   1.375	   0.382	  55.000	  75.000	   0.000	 230.000	 280.000
17:24:52:043	7,79098E+13	    1.095	   59.000	3200	  33.137	  43.340	  12.039	  29.169	  34.870	   9.686	68	0	   1.250	   1.513	   0.420	  55.000	  75.000	   0.000	 230.000	 280.000
17:24:52:150	7,791E+13	    1.203	   96.000	3200	  38.677	  47.502	  13.195	  34.076	  38.537	  10.705	70	0	   1.877	   1.716	   0.477	  55.000	  75.000	   0.000	 230.000	 280.000
17:24:52:258	7,79103E+13	    1.311	   49.000	3200	  30.289	  50.783	  14.106	  26.187	  41.373	  11.493	62	0	   1.163	   1.841	   0.512	  55.000	  75.000	   0.000	 230.000	 280.000
17:24:52:369	7,79106E+13	    1.422	   22.000	3300	  21.590	  53.187	  14.774	  17.658	  43.340	  12.039	67	0	   0.729	   1.923	   0.534	  55.000	  75.000	   0.000	 230.000	 280.000
17:24:52:478	7,79109E+13	    1.531	   16.000	3200	  19.233	  55.283	  15.356	  15.309	  45.008	  12.502	70	0	   0.631	   1.992	   0.553	  55.000	  75.000	   0.000	 230.000	 280.000
17:24:52:589	7,79112E+13	    1.642	   18.000	3200	  19.951	  57.490	  15.969	  15.901	  46.767	  12.991	70	0	   0.637	   2.062	   0.573	  55.000	  75.000	   0.000	 230.000	 280.000
17:24:52:699	7,79115E+13	    1.751	   15.000	3200	  19.553	  59.621	  16.561	  15.667	  48.474	  13.465	62	0	   0.529	   2.120	   0.589	  55.000	  75.000	   0.000	 230.000	 280.000
17:24:52:810	7,79118E+13	    1.863	   17.000	3200	  19.384	  61.790	  17.164	  15.448	  50.203	  13.945	63	0	   0.570	   2.183	   0.606	  55.000	  75.000	   0.000	 230.000	 280.000
17:24:52:918	7,79121E+13	    1.971	   22.000	3300	  21.604	  64.137	  17.816	  17.614	  52.116	  14.477	59	0	   0.620	   2.251	   0.625	  55.000	  75.000	   0.000	 230.000	 280.000
17:24:53:029	7,79124E+13	    2.082	   13.000	3200	  18.293	  66.156	  18.377	  14.486	  53.715	  14.921	67	0	   0.485	   2.304	   0.640	  55.000	  75.000	   0.000	 230.000	 280.000
17:24:53:137	7,79127E+13	    2.190	   18.000	3200	  19.630	  68.278	  18.966	  15.717	  55.414	  15.393	62	0	   0.600	   2.369	   0.658	  55.000	  75.000	   0.000	 230.000	 280.000
17:24:53:245	7,7913E+13	    2.297	   13.000	3200	  18.640	  70.277	  19.521	  14.824	  57.004	  15.835	74	0	   0.491	   2.422	   0.673	  55.000	  75.000	   0.000	 230.000	 280.000
17:24:53:356	7,79133E+13	    2.408	   18.000	3200	  20.530	  72.560	  20.156	  16.650	  58.856	  16.349	64	0	   0.599	   2.488	   0.691	  55.000	  75.000	   0.000	 230.000	 280.000
17:24:53:466	7,79136E+13	    2.519	   13.000	3200	  19.085	  74.673	  20.743	  15.173	  60.536	  16.816	69	0	   0.513	   2.545	   0.707	  55.000	  75.000	   0.000	 230.000	 280.000
17:24:53:576	7,79139E+13	    2.629	   19.000	3200	  20.555	  76.927	  21.369	  16.567	  62.353	  17.320	66	0	   0.622	   2.613	   0.726	  55.000	  75.000	   0.000	 230.000	 280.000
17:24:53:687	7,79142E+13	    2.740	   12.000	3200	  18.769	  79.012	  21.948	  14.867	  64.004	  17.779	65	0	   0.473	   2.666	   0.741	  55.000	  75.000	   0.000	 230.000	 280.000
17:24:53:797	7,79145E+13	    2.850	   18.000	3200	  19.868	  81.196	  22.555	  15.924	  65.755	  18.265	63	0	   0.605	   2.732	   0.759	  55.000	  75.000	   0.000	 230.000	 280.000
17:24:53:907	7,79148E+13	    2.960	   16.000	3200	  19.766	  83.370	  23.158	  15.878	  67.501	  18.750	68	0	   0.511	   2.789	   0.775	  55.000	  75.000	   0.000	 230.000	 280.000
17:24:54:018	7,79151E+13	    3.071	   18.000	3300	  19.706	  85.562	  23.767	  15.873	  69.266	  19.241	66	0	   0.595	   2.855	   0.793	  55.000	  75.000	   0.000	 230.000	 280.000
17:24:54:129	7,79154E+13	    3.182	   13.000	3300	  20.384	  87.831	  24.398	  15.076	  70.945	  19.707	74	0	   0.479	   2.908	   0.808	  55.000	  75.000	   0.000	 230.000	 280.000
17:24:54:226	7,79157E+13	    3.278	   19.000	3300	  22.389	  89.982	  24.995	  15.995	  72.481	  20.134	60	0	   0.624	   2.968	   0.824	  55.000	  75.000	   0.000	 230.000	 280.000
17:24:54:336	7,7916E+13	    3.388	   12.000	3200	  21.202	  92.306	  25.641	  14.801	  74.104	  20.584	69	0	   0.479	   3.021	   0.839	  55.000	  75.000	   0.000	 230.000	 280.000
17:24:54:446	7,79163E+13	    3.499	   50.000	3200	  31.380	  95.788	  26.608	  24.777	  76.853	  21.348	68	0	   1.041	   3.136	   0.871	  55.000	  75.000	   0.000	 230.000	 280.000
17:24:54:556	7,79166E+13	    3.609	   13.000	3200	  22.123	  98.215	  27.282	  15.739	  78.580	  21.828	64	0	   0.496	   3.190	   0.886	  55.000	  75.000	   0.000	 230.000	 280.000
17:24:54:667	7,79169E+13	    3.720	   18.000	3300	  22.233	 100.700	  27.972	  15.815	  80.347	  22.319	76	0	   0.605	   3.258	   0.905	  55.000	  75.000	   0.000	 230.000	 280.000
17:24:54:779	7,79172E+13	    3.831	   15.000	3200	  22.625	 103.201	  28.667	  16.395	  82.160	  22.822	59	0	   0.537	   3.317	   0.922	  55.000	  75.000	   0.000	 230.000	 280.000
17:24:54:887	7,79175E+13	    3.940	   18.000	3200	  22.924	 105.695	  29.360	  16.514	  83.956	  23.321	64	0	   0.588	   3.381	   0.939	  55.000	  75.000	   0.000	 230.000	 280.000
17:24:54:996	7,79178E+13	    4.048	   16.000	3200	  21.670	 108.048	  30.013	  15.520	  85.641	  23.789	58	0	   0.553	   3.441	   0.956	  55.000	  75.000	   0.000	 230.000	 280.000
17:24:55:103	7,79181E+13	    4.156	   15.000	3200	  22.288	 110.442	  30.678	  15.733	  87.332	  24.259	78	0	   0.562	   3.502	   0.973	  55.000	  75.000	   0.000	 230.000	 280.000
17:24:55:213	7,79184E+13	    4.266	   15.000	3200	  22.086	 112.883	  31.356	  15.874	  89.086	  24.746	56	0	   0.544	   3.562	   0.989	  55.000	  75.000	   0.000	 230.000	 280.000
17:24:55:322	7,79187E+13	    4.375	   16.000	3300	  21.252	 115.199	  32.000	  14.895	  90.709	  25.197	67	0	   0.551	   3.622	   1.006	  55.000	  75.000	   0.000	 230.000	 280.000
17:24:55:430	7,79189E+13	    4.482	   17.000	3200	  22.473	 117.606	  32.668	  16.142	  92.438	  25.677	56	0	   0.590	   3.685	   1.024	  55.000	  75.000	   0.000	 230.000	 280.000
17:24:55:539	7,79192E+13	    4.592	   25.000	3200	  23.875	 120.216	  33.393	  17.348	  94.335	  26.204	67	0	   0.597	   3.751	   1.042	  55.000	  75.000	   0.000	 230.000	 280.000
17:24:55:647	7,79195E+13	    4.700	   23.000	3200	  24.835	 122.902	  34.140	  18.517	  96.337	  26.760	58	0	   0.565	   3.812	   1.059	  55.000	  75.000	   0.000	 230.000	 280.000
17:24:55:757	7,79198E+13	    4.810	   15.000	3300	  21.431	 125.262	  34.795	  15.121	  98.002	  27.223	64	0	   0.535	   3.871	   1.075	  55.000	  75.000	   0.000	 230.000	 280.000
17:24:55:866	7,79201E+13	    4.919	   32.000	3200	  24.064	 127.881	  35.523	  17.605	  99.918	  27.755	61	0	   0.612	   3.937	   1.094	  55.000	  75.000	   0.000	 230.000	 280.000
17:24:55:976	7,79204E+13	    5.029	   12.000	3200	  20.952	 130.187	  36.163	  14.648	 101.530	  28.203	68	0	   0.480	   3.990	   1.108	  55.000	  75.000	   0.000	 230.000	 280.000
17:24:56:085	7,79207E+13	    5.138	   19.000	3200	  23.739	 132.776	  36.882	  17.367	 103.424	  28.729	63	0	   0.623	   4.058	   1.127	  55.000	  75.000	   0.000	 230.000	 280.000
17:24:56:193	7,7921E+13	    5.246	   12.000	3200	  21.295	 135.073	  37.520	  14.965	 105.038	  29.177	70	0	   0.479	   4.110	   1.142	  55.000	  75.000	   0.000	 230.000	 280.000
17:24:56:316	7,79213E+13	    5.369	   23.000	3200	  24.333	 138.068	  38.352	  17.945	 107.247	  29.791	65	0	   0.654	   4.190	   1.164	  55.000	  75.000	   0.000	 230.000	 280.000
17:24:56:426	7,79216E+13	    5.479	   16.000	3200	  21.974	 140.482	  39.023	  15.569	 108.958	  30.266	67	0	   0.554	   4.251	   1.181	  55.000	  75.000	   0.000	 230.000	 280.000
17:24:56:521	7,79219E+13	    5.574	   21.000	3200	  22.936	 142.666	  39.629	  16.603	 110.539	  30.705	63	0	   0.608	   4.309	   1.197	  55.000	  75.000	   0.000	 230.000	 280.000
17:24:56:631	7,79222E+13	    5.684	   13.000	3200	  21.297	 145.005	  40.279	  14.949	 112.180	  31.161	70	0	   0.482	   4.362	   1.212	  55.000	  75.000	   0.000	 230.000	 280.000
17:24:56:754	7,79225E+13	    5.807	   19.000	3200	  23.466	 147.895	  41.082	  16.419	 114.203	  31.723	63	0	   0.599	   4.436	   1.232	  55.000	  75.000	   0.000	 230.000	 280.000
17:24:56:863	7,79228E+13	    5.916	   20.000	3200	  27.443	 150.885	  41.913	  16.057	 115.952	  32.209	64	0	   0.493	   4.489	   1.247	  55.000	  75.000	   0.000	 230.000	 280.000
17:24:56:958	7,79231E+13	    6.011	   19.000	3200	  27.383	 153.487	  42.635	  15.938	 117.466	  32.630	64	0	   0.637	   4.550	   1.264	  55.000	  75.000	   0.000	 230.000	 280.000
17:24:57:068	7,79234E+13	    6.121	   12.000	3200	  25.811	 156.323	  43.423	  14.422	 119.051	  33.070	68	0	   0.478	   4.602	   1.278	  55.000	  75.000	   0.000	 230.000	 280.000
17:24:57:179	7,79237E+13	    6.232	   18.000	3200	  26.849	 159.308	  44.252	  15.467	 120.771	  33.547	63	0	   0.591	   4.668	   1.297	  55.000	  75.000	   0.000	 230.000	 280.000
17:24:57:287	7,7924E+13	    6.340	   13.000	3200	  26.250	 162.139	  45.039	  14.837	 122.371	  33.992	64	0	   0.491	   4.721	   1.311	  55.000	  75.000	   0.000	 230.000	 280.000
17:24:57:397	7,79243E+13	    6.450	   18.000	3200	  27.098	 165.118	  45.866	  15.671	 124.094	  34.470	67	0	   0.584	   4.785	   1.329	  55.000	  75.000	   0.000	 230.000	 280.000
17:24:57:509	7,79246E+13	    6.562	   12.000	3200	  26.595	 168.095	  46.693	  15.193	 125.794	  34.943	67	0	   0.486	   4.840	   1.344	  55.000	  75.000	   0.000	 230.000	 280.000
17:24:57:620	7,79249E+13	    6.672	   20.000	3200	  28.845	 171.281	  47.578	  17.524	 127.730	  35.481	68	0	   0.618	   4.908	   1.363	  55.000	  75.000	   0.000	 230.000	 280.000
17:24:57:731	7,79252E+13	    6.784	   15.000	3200	  27.611	 174.361	  48.434	  16.111	 129.527	  35.980	54	0	   0.541	   4.968	   1.380	  55.000	  75.000	   0.000	 230.000	 280.000
17:24:57:841	7,79255E+13	    6.893	   23.000	3200	  27.198	 177.340	  49.261	  15.913	 131.270	  36.464	62	0	   0.528	   5.026	   1.396	  55.000	  75.000	   0.000	 230.000	 280.000
17:24:57:952	7,79258E+13	    7.004	   17.000	3200	  27.161	 180.351	  50.098	  15.722	 133.013	  36.948	62	0	   0.574	   5.090	   1.414	  55.000	  75.000	   0.000	 230.000	 280.000
17:24:58:063	7,79261E+13	    7.115	   13.000	3200	  26.263	 183.266	  50.907	  14.898	 134.667	  37.407	70	0	   0.501	   5.145	   1.429	  55.000	  75.000	   0.000	 230.000	 280.000
17:24:58:174	7,79264E+13	    7.226	   18.000	3200	  27.916	 186.364	  51.768	  16.499	 136.498	  37.916	63	0	   0.581	   5.210	   1.447	  55.000	  75.000	   0.000	 230.000	 280.000
17:24:58:282	7,79267E+13	    7.335	   13.000	3200	  26.125	 189.210	  52.558	  14.719	 138.101	  38.361	65	0	   0.527	   5.267	   1.463	  55.000	  75.000	   0.000	 230.000	 280.000
17:24:58:392	7,7927E+13	    7.445	   17.000	3200	  27.007	 192.177	  53.382	  15.559	 139.810	  38.836	56	0	   0.579	   5.331	   1.481	  55.000	  75.000	   0.000	 230.000	 280.000
17:24:58:504	7,79273E+13	    7.557	   13.000	3200	  27.018	 195.202	  54.223	  15.638	 141.561	  39.323	67	0	   0.508	   5.388	   1.497	  55.000	  75.000	   0.000	 230.000	 280.000
17:24:58:614	7,79276E+13	    7.667	   18.000	3200	  27.774	 198.259	  55.072	  16.354	 143.361	  39.823	66	0	   0.607	   5.454	   1.515	  55.000	  75.000	   0.000	 230.000	 280.000
17:24:58:708	7,79278E+13	    7.761	   12.000	3200	  26.165	 200.716	  55.755	  14.772	 144.749	  40.208	71	0	   0.477	   5.499	   1.528	  55.000	  75.000	   0.000	 230.000	 280.000
17:24:58:839	7,79282E+13	    7.892	   24.000	3400	  28.511	 204.470	  56.797	  17.022	 146.990	  40.830	64	0	   0.612	   5.580	   1.550	  55.000	  75.000	   0.000	 230.000	 280.000
17:24:58:929	7,79284E+13	    7.982	   12.000	3200	  26.357	 206.828	  57.452	  15.123	 148.343	  41.206	64	0	   0.477	   5.622	   1.562	  55.000	  75.000	   0.000	 230.000	 280.000
17:24:59:039	7,79287E+13	    8.092	   17.000	3200	  27.288	 209.830	  58.286	  15.875	 150.089	  41.691	76	0	   0.587	   5.687	   1.580	  55.000	  75.000	   0.000	 230.000	 280.000
17:24:59:149	7,7929E+13	    8.202	   12.000	3200	  26.498	 212.739	  59.094	  15.085	 151.745	  42.151	67	0	   0.471	   5.739	   1.594	  55.000	  75.000	   0.000	 230.000	 280.000
17:24:59:258	7,79293E+13	    8.311	   19.000	3200	  27.601	 215.753	  59.931	  16.214	 153.516	  42.643	64	0	   0.630	   5.808	   1.613	  55.000	  75.000	   0.000	 230.000	 280.000
17:24:59:366	7,79296E+13	    8.419	   12.000	3200	  26.687	 218.632	  60.731	  15.295	 155.166	  43.102	67	0	   0.463	   5.858	   1.627	  55.000	  75.000	   0.000	 230.000	 280.000
17:24:59:489	7,793E+13	    8.541	   17.000	3200	  27.121	 221.950	  61.653	  15.784	 157.097	  43.638	69	0	   0.586	   5.929	   1.647	  55.000	  75.000	   0.000	 230.000	 280.000
17:24:59:598	7,79302E+13	    8.650	   42.000	3200	  33.938	 225.649	  62.680	  22.603	 159.560	  44.322	63	0	   0.651	   6.000	   1.667	  55.000	  75.000	   0.000	 230.000	 280.000
17:24:59:706	7,79305E+13	    8.759	   44.000	3200	  35.233	 229.473	  63.743	  23.474	 162.108	  45.030	70	0	   0.883	   6.096	   1.693	  55.000	  75.000	   0.000	 230.000	 280.000
17:24:59:816	7,79308E+13	    8.869	   23.000	3200	  30.411	 232.823	  64.673	  19.074	 164.209	  45.614	63	0	   0.510	   6.152	   1.709	  55.000	  75.000	   0.000	 230.000	 280.000
17:24:59:925	7,79311E+13	    8.978	   34.000	3200	  33.302	 236.444	  65.679	  21.781	 166.578	  46.272	67	0	   0.684	   6.227	   1.730	  55.000	  75.000	   0.000	 230.000	 280.000
17:25:00:034	7,79314E+13	    9.086	   16.000	3200	  28.185	 239.506	  66.529	  16.918	 168.415	  46.782	70	0	   0.606	   6.292	   1.748	  55.000	  75.000	   0.000	 230.000	 280.000
17:25:00:139	7,79317E+13	    9.192	   28.000	3200	  31.219	 242.806	  67.446	  19.726	 170.500	  47.361	63	0	   0.607	   6.357	   1.766	  55.000	  75.000	   0.000	 230.000	 280.000
17:25:00:248	7,7932E+13	    9.301	   33.000	3200	  32.963	 246.393	  68.443	  21.509	 172.842	  48.012	62	0	   0.553	   6.417	   1.782	  55.000	  75.000	   0.000	 230.000	 280.000
17:25:00:357	7,79323E+13	    9.410	   23.000	3200	  28.853	 249.538	  69.316	  17.407	 174.739	  48.539	69	0	   0.689	   6.492	   1.803	  55.000	  75.000	   0.000	 230.000	 280.000
17:25:00:466	7,79326E+13	    9.519	   28.000	3200	  31.256	 252.944	  70.262	  19.847	 176.901	  49.139	59	0	   0.614	   6.559	   1.822	  55.000	  75.000	   0.000	 230.000	 280.000
17:25:00:575	7,79329E+13	    9.627	   33.000	3200	  32.985	 256.520	  71.256	  21.627	 179.246	  49.791	69	0	   0.588	   6.623	   1.840	  55.000	  75.000	   0.000	 230.000	 280.000
17:25:00:681	7,79332E+13	    9.734	   16.000	3200	  28.110	 259.519	  72.089	  16.624	 181.020	  50.283	62	0	   0.556	   6.682	   1.856	  55.000	  75.000	   0.000	 230.000	 280.000
17:25:00:789	7,79335E+13	    9.842	   17.000	3200	  27.182	 262.455	  72.904	  15.781	 182.724	  50.757	67	0	   0.567	   6.743	   1.873	  55.000	  75.000	   0.000	 230.000	 280.000
17:25:00:899	7,79338E+13	    9.952	   46.000	3200	  32.969	 266.078	  73.911	  21.539	 185.091	  51.414	58	0	   0.690	   6.819	   1.894	  55.000	  75.000	   0.000	 230.000	 280.000
17:25:01:008	7,79341E+13	   10.061	   31.000	3200	  31.706	 269.536	  74.871	  20.295	 187.305	  52.029	73	0	   0.571	   6.881	   1.911	  55.000	  75.000	   0.000	 230.000	 280.000
17:25:01:119	7,79344E+13	   10.171	   20.000	3200	  28.905	 272.724	  75.757	  17.534	 189.239	  52.566	63	0	   0.600	   6.947	   1.930	  55.000	  75.000	   0.000	 230.000	 280.000
17:25:01:229	7,79347E+13	   10.282	   14.000	3200	  26.190	 275.626	  76.563	  14.765	 190.875	  53.021	68	0	   0.518	   7.005	   1.946	  55.000	  75.000	   0.000	 230.000	 280.000
17:25:01:340	7,7935E+13	   10.392	   23.000	3200	  29.346	 278.872	  77.464	  17.818	 192.845	  53.568	60	0	   0.651	   7.077	   1.966	  55.000	  75.000	   0.000	 230.000	 280.000
17:25:01:448	7,79353E+13	   10.501	   38.000	3200	  34.329	 282.594	  78.498	  23.055	 195.345	  54.262	61	0	   0.650	   7.147	   1.985	  55.000	  75.000	   0.000	 230.000	 280.000
17:25:01:555	7,79356E+13	   10.608	   40.000	3200	  35.181	 286.356	  79.543	  23.625	 197.871	  54.964	71	0	   0.795	   7.232	   2.009	  55.000	  75.000	   0.000	 230.000	 280.000
17:25:01:663	7,79358E+13	   10.716	   30.000	3200	  35.684	 290.215	  80.615	  24.304	 200.500	  55.694	67	0	   0.697	   7.308	   2.030	  55.000	  75.000	   0.000	 230.000	 280.000
17:25:01:774	7,79361E+13	   10.827	   35.000	3200	  35.965	 294.207	  81.724	  24.486	 203.218	  56.449	66	0	   0.784	   7.395	   2.054	  55.000	  75.000	   0.000	 230.000	 280.000
17:25:01:882	7,79364E+13	   10.935	   20.000	3200	  31.053	 297.549	  82.653	  19.269	 205.292	  57.025	66	0	   0.692	   7.469	   2.075	  55.000	  75.000	   0.000	 230.000	 280.000
17:25:01:990	7,79367E+13	   11.043	   32.000	3200	  30.696	 300.872	  83.576	  19.326	 207.384	  57.607	63	0	   0.647	   7.539	   2.094	  55.000	  75.000	   0.000	 230.000	 280.000
17:25:02:100	7,7937E+13	   11.152	   27.000	3200	  31.192	 304.287	  84.524	  19.894	 209.562	  58.212	67	0	   0.497	   7.594	   2.109	  55.000	  75.000	   0.000	 230.000	 280.000
17:25:02:212	7,79373E+13	   11.264	   18.000	3200	  27.994	 307.415	  85.393	  16.517	 211.407	  58.724	67	0	   0.604	   7.661	   2.128	  55.000	  75.000	   0.000	 230.000	 280.000
17:25:02:324	7,79376E+13	   11.376	   12.000	3200	  27.159	 310.460	  86.239	  15.830	 213.182	  59.217	72	0	   0.473	   7.714	   2.143	  55.000	  75.000	   0.000	 230.000	 280.000
17:25:02:435	7,79379E+13	   11.487	   18.000	3200	  27.735	 313.533	  87.093	  16.251	 214.983	  59.717	65	0	   0.608	   7.781	   2.162	  55.000	  75.000	   0.000	 230.000	 280.000
17:25:02:545	7,79382E+13	   11.597	   20.000	3200	  28.315	 316.655	  87.960	  17.057	 216.863	  60.240	64	0	   0.475	   7.834	   2.176	  55.000	  75.000	   0.000	 230.000	 280.000
17:25:02:654	7,79385E+13	   11.707	   38.000	3200	  33.647	 320.337	  88.983	  22.038	 219.275	  60.910	63	0	   0.671	   7.907	   2.196	  55.000	  75.000	   0.000	 230.000	 280.000
17:25:02:763	7,79388E+13	   11.816	   14.000	3200	  27.302	 323.316	  89.810	  15.937	 221.014	  61.393	70	0	   0.503	   7.962	   2.212	  55.000	  75.000	   0.000	 230.000	 280.000
17:25:02:874	7,79391E+13	   11.927	   20.000	3200	  28.996	 326.536	  90.704	  17.585	 222.967	  61.935	68	0	   0.625	   8.032	   2.231	  55.000	  75.000	   0.000	 230.000	 280.000
17:25:02:986	7,79394E+13	   12.038	   15.000	3200	  27.492	 329.596	  91.555	  16.196	 224.770	  62.436	61	0	   0.529	   8.090	   2.247	  55.000	  75.000	   0.000	 230.000	 280.000
17:25:03:095	7,79397E+13	   12.148	   14.000	3200	  27.101	 332.564	  92.379	  15.579	 226.476	  62.910	60	0	   0.532	   8.149	   2.264	  55.000	  75.000	   0.000	 230.000	 280.000
17:25:03:206	7,794E+13	   12.259	   29.000	3200	  30.840	 335.987	  93.330	  19.383	 228.627	  63.507	58	0	   0.681	   8.224	   2.285	  55.000	  75.000	   0.000	 230.000	 280.000
17:25:03:317	7,79403E+13	   12.370	   33.000	3200	  33.094	 339.660	  94.350	  21.670	 231.032	  64.175	59	0	   0.586	   8.289	   2.303	  55.000	  75.000	   0.000	 230.000	 280.000
17:25:03:412	7,79406E+13	   12.465	   16.000	3200	  27.788	 342.307	  95.085	  16.477	 232.602	  64.612	57	0	   0.549	   8.342	   2.317	  55.000	  75.000	   0.000	 230.000	 280.000
17:25:03:522	7,79409E+13	   12.574	   16.000	3200	  26.677	 345.218	  95.894	  15.267	 234.267	  65.074	69	0	   0.581	   8.405	   2.335	  55.000	  75.000	   0.000	 230.000	 280.000
17:25:03:633	7,79412E+13	   12.685	   17.000	3200	  28.072	 348.336	  96.760	  16.649	 236.116	  65.588	61	0	   0.587	   8.470	   2.353	  55.000	  75.000	   0.000	 230.000	 280.000
17:25:03:743	7,79415E+13	   12.796	   14.000	3200	  26.815	 351.307	  97.585	  15.387	 237.822	  66.062	65	0	   0.524	   8.528	   2.369	  55.000	  75.000	   0.000	 230.000	 280.000
17:25:03:872	7,79418E+13	   12.924	   25.000	3400	  29.003	 355.029	  98.619	  17.691	 240.092	  66.692	62	0	   0.609	   8.607	   2.391	  55.000	  75.000	   0.000	 230.000	 280.000
17:25:03:962	7,79421E+13	   13.015	   25.000	3200	  29.312	 357.684	  99.357	  17.801	 241.704	  67.140	63	0	   0.507	   8.652	   2.403	  55.000	  75.000	   0.000	 230.000	 280.000
17:25:04:071	7,79424E+13	   13.124	   36.000	3200	  32.956	 361.281	 100.356	  21.545	 244.056	  67.793	67	0	   0.624	   8.721	   2.422	  55.000	  75.000	   0.000	 230.000	 280.000
17:25:04:182	7,79427E+13	   13.235	   12.000	3200	  27.385	 364.319	 101.200	  16.003	 245.831	  68.286	69	0	   0.468	   8.772	   2.437	  55.000	  75.000	   0.000	 230.000	 280.000
17:25:04:290	7,7943E+13	   13.343	   18.000	3200	  27.391	 367.269	 102.019	  15.904	 247.544	  68.762	66	0	   0.587	   8.836	   2.454	  55.000	  75.000	   0.000	 230.000	 280.000
17:25:04:401	7,79433E+13	   13.454	   13.000	3200	  26.644	 370.233	 102.842	  15.321	 249.248	  69.236	68	0	   0.482	   8.889	   2.469	  55.000	  75.000	   0.000	 230.000	 280.000
17:25:04:510	7,79436E+13	   13.562	   18.000	3200	  27.488	 373.209	 103.669	  16.126	 250.994	  69.721	69	0	   0.621	   8.956	   2.488	  55.000	  75.000	   0.000	 230.000	 280.000
17:25:04:621	7,79439E+13	   13.674	   12.000	3200	  26.958	 376.221	 104.506	  15.531	 252.730	  70.203	70	0	   0.469	   9.009	   2.502	  55.000	  75.000	   0.000	 230.000	 280.000
17:25:04:730	7,79442E+13	   13.782	   18.000	3200	  27.466	 379.203	 105.334	  16.177	 254.486	  70.691	69	0	   0.598	   9.074	   2.521	  55.000	  75.000	   0.000	 230.000	 280.000
17:25:04:840	7,79445E+13	   13.892	   12.000	3200	  26.875	 382.151	 106.153	  15.438	 256.179	  71.161	65	0	   0.471	   9.125	   2.535	  55.000	  75.000	   0.000	 230.000	 280.000
17:25:04:947	7,79448E+13	   14.000	   19.000	3200	  28.981	 385.274	 107.021	  17.477	 258.063	  71.684	64	0	   0.650	   9.196	   2.554	  55.000	  75.000	   0.000	 230.000	 280.000
17:25:05:055	7,7945E+13	   14.108	   12.000	3200	  26.755	 388.164	 107.823	  15.401	 259.726	  72.146	63	0	   0.467	   9.246	   2.568	  55.000	  75.000	   0.000	 230.000	 280.000
17:25:05:164	7,79453E+13	   14.217	   18.000	3200	  27.230	 391.136	 108.649	  15.856	 261.457	  72.627	65	0	   0.604	   9.312	   2.587	  55.000	  75.000	   0.000	 230.000	 280.000
17:25:05:272	7,79456E+13	   14.324	   13.000	3200	  26.681	 393.998	 109.444	  15.362	 263.104	  73.085	70	0	   0.494	   9.365	   2.601	  55.000	  75.000	   0.000	 230.000	 280.000
17:25:05:396	7,7946E+13	   14.448	   22.000	3200	  28.611	 397.541	 110.428	  17.104	 265.223	  73.673	65	0	   0.675	   9.448	   2.625	  55.000	  75.000	   0.000	 230.000	 280.000
17:25:05:503	7,79463E+13	   14.556	   16.000	3200	  27.455	 400.498	 111.249	  16.003	 266.946	  74.152	59	0	   0.575	   9.510	   2.642	  55.000	  75.000	   0.000	 230.000	 280.000
17:25:05:613	7,79466E+13	   14.665	   16.000	3200	  26.815	 403.439	 112.066	  15.297	 268.624	  74.618	65	0	   0.564	   9.572	   2.659	  55.000	  75.000	   0.000	 230.000	 280.000
17:25:05:708	7,79468E+13	   14.761	   15.000	3200	  27.762	 406.090	 112.803	  16.511	 270.201	  75.056	56	0	   0.538	   9.624	   2.673	  55.000	  75.000	   0.000	 230.000	 280.000
17:25:05:819	7,79471E+13	   14.872	   15.000	3200	  27.177	 409.107	 113.641	  15.792	 271.954	  75.543	72	0	   0.519	   9.681	   2.689	  55.000	  75.000	   0.000	 230.000	 280.000
17:25:05:929	7,79474E+13	   14.981	   26.000	3200	  29.209	 412.298	 114.527	  17.833	 273.902	  76.084	67	0	   0.596	   9.746	   2.707	  55.000	  75.000	   0.000	 230.000	 280.000
17:25:06:040	7,79477E+13	   15.093	   14.000	3200	  27.044	 415.316	 115.366	  15.563	 275.639	  76.566	69	0	   0.531	   9.806	   2.724	  55.000	  75.000	   0.000	 230.000	 280.000
17:25:06:150	7,7948E+13	   15.202	   18.000	3200	  28.117	 418.389	 116.219	  16.774	 277.472	  77.076	67	0	   0.587	   9.870	   2.742	  55.000	  75.000	   0.000	 230.000	 280.000
17:25:06:260	7,79483E+13	   15.312	   12.000	3200	  26.243	 421.277	 117.022	  14.883	 279.110	  77.531	70	0	   0.486	   9.923	   2.756	  55.000	  75.000	   0.000	 230.000	 280.000
17:25:06:365	7,79486E+13	   15.418	   19.000	3200	  27.915	 424.229	 117.841	  16.423	 280.847	  78.013	62	0	   0.604	   9.987	   2.774	  55.000	  75.000	   0.000	 230.000	 280.000
17:25:06:476	7,79489E+13	   15.529	   13.000	3200	  26.980	 427.216	 118.671	  15.537	 282.567	  78.491	67	0	   0.496	  10.042	   2.789	  55.000	  75.000	   0.000	 230.000	 280.000
17:25:06:586	7,79492E+13	   15.638	   17.000	3200	  27.769	 430.255	 119.515	  16.465	 284.369	  78.991	63	0	   0.571	  10.104	   2.807	  55.000	  75.000	   0.000	 230.000	 280.000
17:25:06:697	7,79495E+13	   15.749	   13.000	3200	  26.160	 433.157	 120.321	  14.776	 286.008	  79.447	63	0	   0.505	  10.160	   2.822	  55.000	  75.000	   0.000	 230.000	 280.000
17:25:06:807	7,79498E+13	   15.859	   24.000	3200	  29.160	 436.370	 121.214	  17.814	 287.971	  79.992	58	0	   0.710	  10.239	   2.844	  55.000	  75.000	   0.000	 230.000	 280.000
17:25:06:917	7,79501E+13	   15.969	   19.000	3200	  27.358	 439.389	 122.053	  15.735	 289.707	  80.474	66	0	   0.552	  10.300	   2.861	  55.000	  75.000	   0.000	 230.000	 280.000
17:25:07:026	7,79504E+13	   16.079	   23.000	3200	  28.569	 442.515	 122.921	  17.205	 291.589	  80.997	67	0	   0.671	  10.373	   2.881	  55.000	  75.000	   0.000	 230.000	 280.000
17:25:07:138	7,79507E+13	   16.191	   12.000	3200	  26.579	 445.487	 123.746	  15.196	 293.289	  81.469	63	0	   0.472	  10.426	   2.896	  55.000	  75.000	   0.000	 230.000	 280.000
17:25:07:248	7,7951E+13	   16.301	   19.000	3200	  27.638	 448.528	 124.591	  16.218	 295.073	  81.965	64	0	   0.610	  10.493	   2.915	  55.000	  75.000	   0.000	 230.000	 280.000
17:25:07:355	7,79513E+13	   16.408	   19.000	3200	  30.128	 451.748	 125.486	  18.717	 297.073	  82.520	64	0	   0.565	  10.553	   2.931	  55.000	  75.000	   0.000	 230.000	 280.000
17:25:07:462	7,79516E+13	   16.515	   36.000	3200	  35.505	 455.556	 126.543	  24.040	 299.652	  83.237	66	0	   0.848	  10.644	   2.957	  55.000	  75.000	   0.000	 230.000	 280.000
17:25:07:570	7,79519E+13	   16.623	   40.000	3200	  37.649	 459.610	 127.670	  25.982	 302.450	  84.014	69	0	   0.972	  10.749	   2.986	  55.000	  75.000	   0.000	 230.000	 280.000
17:25:07:679	7,79522E+13	   16.731	   44.000	3200	  36.699	 463.601	 128.778	  25.342	 305.206	  84.779	62	0	   0.922	  10.849	   3.014	  55.000	  75.000	   0.000	 230.000	 280.000
17:25:07:790	7,79525E+13	   16.842	   16.000	3200	  29.005	 466.812	 129.670	  17.482	 307.141	  85.317	63	0	   0.518	  10.906	   3.030	  55.000	  75.000	   0.000	 230.000	 280.000
17:25:07:898	7,79528E+13	   16.951	   96.000	3200	  40.210	 471.188	 130.885	  28.688	 310.263	  86.184	72	0	   1.028	  11.018	   3.061	  55.000	  75.000	   0.000	 230.000	 280.000
17:25:08:007	7,79531E+13	   17.059	   32.000	3200	  34.610	 474.947	 131.930	  22.953	 312.756	  86.877	71	0	   0.752	  11.100	   3.083	  55.000	  75.000	   0.000	 230.000	 280.000
17:25:08:116	7,79533E+13	   17.169	   18.000	3200	  27.848	 477.994	 132.776	  16.540	 314.566	  87.379	68	0	   0.596	  11.165	   3.101	  55.000	  75.000	   0.000	 230.000	 280.000
17:25:08:228	7,79536E+13	   17.280	   16.000	3200	  27.621	 481.062	 133.628	  16.258	 316.372	  87.881	56	0	   0.546	  11.226	   3.118	  55.000	  75.000	   0.000	 230.000	 280.000
17:25:08:337	7,79539E+13	   17.390	   15.000	3200	  27.380	 484.062	 134.462	  15.872	 318.111	  88.364	74	0	   0.521	  11.283	   3.134	  55.000	  75.000	   0.000	 230.000	 280.000
17:25:08:447	7,79542E+13	   17.500	   18.000	3200	  27.850	 487.137	 135.316	  16.503	 319.933	  88.870	63	0	   0.616	  11.351	   3.153	  55.000	  75.000	   0.000	 230.000	 280.000
17:25:08:557	7,79545E+13	   17.610	   13.000	3200	  26.275	 490.027	 136.119	  14.898	 321.571	  89.325	69	0	   0.523	  11.409	   3.169	  55.000	  75.000	   0.000	 230.000	 280.000
17:25:08:669	7,79548E+13	   17.722	   19.000	3200	  27.940	 493.155	 136.988	  16.564	 323.426	  89.841	59	0	   0.605	  11.476	   3.188	  55.000	  75.000	   0.000	 230.000	 280.000
17:25:08:778	7,79551E+13	   17.831	   13.000	3200	  26.266	 496.017	 137.783	  14.785	 325.037	  90.288	70	0	   0.529	  11.534	   3.204	  55.000	  75.000	   0.000	 230.000	 280.000
17:25:08:892	7,79555E+13	   17.945	   25.000	3400	  28.750	 499.294	 138.693	  17.377	 327.018	  90.838	60	0	   0.588	  11.601	   3.222	  55.000	  75.000	   0.000	 230.000	 280.000
17:25:08:997	7,79557E+13	   18.050	   13.000	3200	  26.092	 502.033	 139.454	  14.685	 328.559	  91.266	67	0	   0.490	  11.652	   3.237	  55.000	  75.000	   0.000	 230.000	 280.000
17:25:09:107	7,7956E+13	   18.159	   18.000	3200	  27.054	 504.987	 140.274	  15.688	 330.272	  91.742	69	0	   0.600	  11.718	   3.255	  55.000	  75.000	   0.000	 230.000	 280.000
17:25:09:216	7,79563E+13	   18.268	   15.000	3200	  27.614	 507.997	 141.110	  16.216	 332.040	  92.233	68	0	   0.549	  11.778	   3.272	  55.000	  75.000	   0.000	 230.000	 280.000
17:25:09:326	7,79566E+13	   18.378	   18.000	3200	  27.295	 510.999	 141.944	  15.868	 333.785	  92.718	66	0	   0.579	  11.841	   3.289	  55.000	  75.000	   0.000	 230.000	 280.000
17:25:09:434	7,79569E+13	   18.487	   13.000	3200	  26.655	 513.903	 142.751	  15.285	 335.450	  93.181	74	0	   0.500	  11.896	   3.304	  55.000	  75.000	   0.000	 230.000	 280.000
17:25:09:544	7,79572E+13	   18.596	   18.000	3200	  27.779	 516.933	 143.592	  16.385	 337.237	  93.677	70	0	   0.590	  11.960	   3.322	  55.000	  75.000	   0.000	 230.000	 280.000
17:25:09:654	7,79575E+13	   18.706	   12.000	3200	  26.535	 519.852	 144.403	  15.172	 338.906	  94.141	68	0	   0.468	  12.012	   3.337	  55.000	  75.000	   0.000	 230.000	 280.000
17:25:09:765	7,79578E+13	   18.817	   18.000	3200	  27.172	 522.870	 145.242	  15.777	 340.659	  94.627	69	0	   0.582	  12.076	   3.355	  55.000	  75.000	   0.000	 230.000	 280.000
17:25:09:900	7,79582E+13	   18.953	   47.000	3300	  29.194	 526.851	 146.347	  17.660	 343.067	  95.296	60	0	   0.589	  12.157	   3.377	  55.000	  75.000	   0.000	 230.000	 280.000
17:25:09:985	7,79584E+13	   19.038	   13.000	3200	  25.637	 529.010	 146.947	  14.343	 344.275	  95.632	67	0	   0.508	  12.199	   3.389	  55.000	  75.000	   0.000	 230.000	 280.000
17:25:10:095	7,79587E+13	   19.148	   15.000	3200	  27.580	 532.049	 147.791	  16.253	 346.066	  96.129	59	0	   0.523	  12.257	   3.405	  55.000	  75.000	   0.000	 230.000	 280.000
17:25:10:204	7,7959E+13	   19.257	   15.000	3200	  26.366	 534.925	 148.590	  14.956	 347.697	  96.583	66	0	   0.533	  12.315	   3.421	  55.000	  75.000	   0.000	 230.000	 280.000
17:25:10:315	7,79593E+13	   19.368	   17.000	3200	  27.964	 538.028	 149.452	  16.535	 349.532	  97.092	66	0	   0.569	  12.378	   3.438	  55.000	  75.000	   0.000	 230.000	 280.000
17:25:10:426	7,79596E+13	   19.479	   14.000	3200	  25.876	 540.901	 150.250	  14.510	 351.143	  97.540	66	0	   0.521	  12.436	   3.455	  55.000	  75.000	   0.000	 230.000	 280.000
17:25:10:534	7,79599E+13	   19.586	   18.000	3200	  27.818	 543.887	 151.080	  16.463	 352.910	  98.030	63	0	   0.594	  12.500	   3.472	  55.000	  75.000	   0.000	 230.000	 280.000
17:25:10:643	7,79602E+13	   19.696	   12.000	3200	  25.998	 546.734	 151.871	  14.538	 354.502	  98.473	70	0	   0.479	  12.552	   3.487	  55.000	  75.000	   0.000	 230.000	 280.000
17:25:10:755	7,79605E+13	   19.807	   18.000	3200	  27.293	 549.770	 152.714	  15.941	 356.275	  98.965	61	0	   0.576	  12.617	   3.505	  55.000	  75.000	   0.000	 230.000	 280.000
17:25:10:850	7,79608E+13	   19.902	   12.000	3200	  26.433	 552.285	 153.412	  15.118	 357.714	  99.365	68	0	   0.471	  12.661	   3.517	  55.000	  75.000	   0.000	 230.000	 280.000
17:25:10:960	7,79611E+13	   20.012	   24.000	3200	  28.883	 555.472	 154.298	  17.294	 359.622	  99.895	62	0	   0.625	  12.730	   3.536	  55.000	  75.000	   0.000	 230.000	 280.000
17:25:11:071	7,79614E+13	   20.123	   23.000	3200	  28.489	 558.626	 155.174	  17.250	 361.531	 100.425	59	0	   0.731	  12.811	   3.559	  55.000	  75.000	   0.000	 230.000	 280.000
17:25:11:182	7,79617E+13	   20.234	   30.000	3200	  31.433	 562.112	 156.142	  19.767	 363.724	 101.034	62	0	   0.956	  12.917	   3.588	  55.000	  75.000	   0.000	 230.000	 280.000
17:25:11:290	7,7962E+13	   20.342	   13.000	3300	  26.245	 564.949	 156.930	  14.926	 365.337	 101.483	55	0	   0.635	  12.986	   3.607	  55.000	  75.000	   0.000	 230.000	 280.000
17:25:11:400	7,79623E+13	   20.453	   12.000	1400	  18.718	 567.015	 157.504	   7.076	 366.118	 101.700	46	0	   0.701	  13.063	   3.629	  55.000	  75.000	   0.000	 230.000	 280.000
17:25:11:419	7,79623E+13	   20.472	    8.000	2600	  12.319	 567.249	 157.569	   0.943	 366.136	 101.704	46	0	   0.695	  13.076	   3.632	  55.000	  75.000	   0.000	 230.000	 280.000
																				
Total Elapsed Time (sec) = 20.471527											65,35638298									
Measured RDTSC Frequency (GHz) = 2.712																				
																				
Cumulative Processor Energy_0 (Joules) = 567.248596																				
Cumulative Processor Energy_0 (mWh) = 157.569054																				
Average Processor Power_0 (Watt) = 27.709150																				
																				
Cumulative IA Energy_0 (Joules) = 366.136108																				
Cumulative IA Energy_0 (mWh) = 101.704475																				
Average IA Power_0 (Watt) = 17.885140																				
																				
Cumulative DRAM Energy_0 (Joules) = 13.076477																				
Cumulative DRAM Energy_0 (mWh) = 3.632355																				
Average DRAM Power_0 (Watt) = 0.638764																				
