System Time	RDTSC	Elapsed Time (sec)	 CPU Utilization(%)	CPU Frequency_0(MHz)	Processor Power_0(Watt)	Cumulative Processor Energy_0(Joules)	Cumulative Processor Energy_0(mWh)	IA Power_0(Watt)	Cumulative IA Energy_0(Joules)	Cumulative IA Energy_0(mWh)	Package Temperature_0(C)	Package Hot_0	DRAM Power_0(Watt)	Cumulative DRAM Energy_0(Joules)	Cumulative DRAM Energy_0(mWh)	Package PL1_0(Watt)	Package PL2_0(Watt)	Package PL4_0(Watt)	Platform PsysPL1_0(Watt)	Platform PsysPL2_0(Watt)
17:43:11:141	8,08905E+13	    0.111	   22.000	3200	  27.676	   3.067	   0.852	  16.087	   1.783	   0.495	59	0	   0.903	   0.100	   0.028	  55.000	  75.000	   0.000	 230.000	 280.000
17:43:11:252	8,08908E+13	    0.221	   21.000	2800	  25.677	   5.903	   1.640	  14.264	   3.358	   0.933	55	0	   0.787	   0.187	   0.052	  55.000	  75.000	   0.000	 230.000	 280.000
17:43:11:360	8,08911E+13	    0.329	   21.000	3200	  27.501	   8.872	   2.464	  16.068	   5.093	   1.415	56	0	   0.805	   0.274	   0.076	  55.000	  75.000	   0.000	 230.000	 280.000
17:43:11:462	8,08914E+13	    0.432	   42.000	3200	  35.496	  12.527	   3.480	  23.780	   7.542	   2.095	61	0	   1.206	   0.398	   0.111	  55.000	  75.000	   0.000	 230.000	 280.000
17:43:11:579	8,08917E+13	    0.548	   49.000	3200	  38.869	  17.039	   4.733	  27.262	  10.706	   2.974	66	0	   1.173	   0.534	   0.148	  55.000	  75.000	   0.000	 230.000	 280.000
17:43:11:688	8,0892E+13	    0.657	   65.000	3200	  38.413	  21.229	   5.897	  31.291	  14.119	   3.922	72	0	   1.425	   0.690	   0.192	  55.000	  75.000	   0.000	 230.000	 280.000
17:43:11:796	8,08923E+13	    0.766	   33.000	3200	  26.033	  24.054	   6.682	  21.797	  16.484	   4.579	66	0	   0.848	   0.782	   0.217	  55.000	  75.000	   0.000	 230.000	 280.000
17:43:11:906	8,08926E+13	    0.876	   19.000	3200	  21.403	  26.407	   7.335	  17.474	  18.405	   5.113	66	0	   0.581	   0.846	   0.235	  55.000	  75.000	   0.000	 230.000	 280.000
17:43:12:015	8,08929E+13	    0.985	   55.000	3200	  32.721	  29.975	   8.326	  28.683	  21.533	   5.981	68	0	   0.940	   0.948	   0.263	  55.000	  75.000	   0.000	 230.000	 280.000
17:43:12:126	8,08932E+13	    1.095	   17.000	3200	  21.477	  32.346	   8.985	  17.668	  23.484	   6.523	71	0	   0.556	   1.009	   0.280	  55.000	  75.000	   0.000	 230.000	 280.000
17:43:12:236	8,08935E+13	    1.205	   14.000	3200	  18.913	  34.425	   9.563	  15.014	  25.134	   6.982	64	0	   0.528	   1.068	   0.297	  55.000	  75.000	   0.000	 230.000	 280.000
17:43:12:345	8,08938E+13	    1.314	   16.000	3200	  18.818	  36.476	  10.132	  14.950	  26.764	   7.434	69	0	   0.499	   1.122	   0.312	  55.000	  75.000	   0.000	 230.000	 280.000
17:43:12:451	8,08941E+13	    1.420	   16.000	3200	  19.337	  38.529	  10.703	  15.406	  28.399	   7.889	62	0	   0.582	   1.184	   0.329	  55.000	  75.000	   0.000	 230.000	 280.000
17:43:12:563	8,08944E+13	    1.532	   13.000	3200	  17.634	  40.502	  11.251	  13.749	  29.937	   8.316	67	0	   0.503	   1.240	   0.344	  55.000	  75.000	   0.000	 230.000	 280.000
17:43:12:672	8,08947E+13	    1.641	   13.000	3200	  18.069	  42.474	  11.798	  14.208	  31.488	   8.747	64	0	   0.514	   1.296	   0.360	  55.000	  75.000	   0.000	 230.000	 280.000
17:43:12:780	8,0895E+13	    1.750	   15.000	3200	  19.315	  44.570	  12.380	  15.346	  33.153	   9.209	65	0	   0.528	   1.353	   0.376	  55.000	  75.000	   0.000	 230.000	 280.000
17:43:12:889	8,08953E+13	    1.859	   12.000	3200	  17.974	  46.531	  12.925	  14.120	  34.694	   9.637	65	0	   0.483	   1.406	   0.391	  55.000	  75.000	   0.000	 230.000	 280.000
17:43:13:001	8,08956E+13	    1.970	   12.000	3200	  18.600	  48.598	  13.500	  14.761	  36.334	  10.093	71	0	   0.487	   1.460	   0.406	  55.000	  75.000	   0.000	 230.000	 280.000
17:43:13:110	8,08959E+13	    2.080	   12.000	3200	  18.511	  50.633	  14.065	  14.618	  37.941	  10.539	68	0	   0.500	   1.515	   0.421	  55.000	  75.000	   0.000	 230.000	 280.000
17:43:13:221	8,08962E+13	    2.191	   14.000	3300	  19.177	  52.760	  14.655	  15.286	  39.636	  11.010	69	0	   0.510	   1.572	   0.437	  55.000	  75.000	   0.000	 230.000	 280.000
17:43:13:332	8,08965E+13	    2.301	   17.000	3200	  19.155	  54.872	  15.242	  15.327	  41.327	  11.480	66	0	   0.501	   1.627	   0.452	  55.000	  75.000	   0.000	 230.000	 280.000
17:43:13:442	8,08968E+13	    2.411	   13.000	3200	  18.552	  56.912	  15.809	  14.670	  42.940	  11.928	68	0	   0.484	   1.680	   0.467	  55.000	  75.000	   0.000	 230.000	 280.000
17:43:13:537	8,0897E+13	    2.507	   13.000	3200	  18.827	  58.716	  16.310	  14.917	  44.369	  12.325	71	0	   0.506	   1.729	   0.480	  55.000	  75.000	   0.000	 230.000	 280.000
17:43:13:647	8,08973E+13	    2.617	   12.000	3200	  18.785	  60.783	  16.884	  14.915	  46.010	  12.781	68	0	   0.492	   1.783	   0.495	  55.000	  75.000	   0.000	 230.000	 280.000
17:43:13:758	8,08976E+13	    2.727	   12.000	3200	  18.688	  62.845	  17.457	  14.873	  47.651	  13.236	70	0	   0.482	   1.836	   0.510	  55.000	  75.000	   0.000	 230.000	 280.000
17:43:13:869	8,08979E+13	    2.838	   12.000	3200	  18.383	  64.880	  18.022	  14.459	  49.252	  13.681	69	0	   0.470	   1.888	   0.524	  55.000	  75.000	   0.000	 230.000	 280.000
17:43:13:975	8,08982E+13	    2.945	   13.000	3200	  18.953	  66.905	  18.585	  15.065	  50.861	  14.128	72	0	   0.481	   1.939	   0.539	  55.000	  75.000	   0.000	 230.000	 280.000
17:43:14:084	8,08985E+13	    3.053	   12.000	3200	  18.824	  68.942	  19.151	  15.004	  52.485	  14.579	64	0	   0.455	   1.989	   0.552	  55.000	  75.000	   0.000	 230.000	 280.000
17:43:14:193	8,08988E+13	    3.163	   13.000	3200	  19.361	  71.071	  19.742	  15.476	  54.187	  15.052	68	0	   0.495	   2.043	   0.567	  55.000	  75.000	   0.000	 230.000	 280.000
17:43:14:305	8,08991E+13	    3.275	   21.000	3200	  19.436	  73.241	  20.345	  15.678	  55.937	  15.538	66	0	   0.491	   2.098	   0.583	  55.000	  75.000	   0.000	 230.000	 280.000
17:43:14:417	8,08994E+13	    3.386	   13.000	3200	  18.947	  75.353	  20.931	  14.998	  57.609	  16.002	70	0	   0.485	   2.152	   0.598	  55.000	  75.000	   0.000	 230.000	 280.000
17:43:14:527	8,08997E+13	    3.497	   12.000	3300	  19.144	  77.475	  21.521	  15.247	  59.299	  16.472	64	0	   0.478	   2.205	   0.612	  55.000	  75.000	   0.000	 230.000	 280.000
17:43:14:639	8,09E+13	    3.608	   13.000	3200	  19.037	  79.594	  22.109	  15.216	  60.992	  16.942	72	0	   0.482	   2.258	   0.627	  55.000	  75.000	   0.000	 230.000	 280.000
17:43:14:751	8,09003E+13	    3.720	   18.000	3200	  20.980	  81.938	  22.760	  17.057	  62.898	  17.472	68	0	   0.522	   2.317	   0.644	  55.000	  75.000	   0.000	 230.000	 280.000
17:43:14:860	8,09006E+13	    3.830	   12.000	3200	  18.794	  83.997	  23.332	  15.021	  64.544	  17.929	65	0	   0.459	   2.367	   0.657	  55.000	  75.000	   0.000	 230.000	 280.000
17:43:14:971	8,09009E+13	    3.941	   12.000	3200	  18.669	  86.075	  23.910	  14.694	  66.180	  18.383	68	0	   0.464	   2.419	   0.672	  55.000	  75.000	   0.000	 230.000	 280.000
17:43:15:081	8,09012E+13	    4.051	   12.000	3200	  18.822	  88.143	  24.484	  14.945	  67.821	  18.839	72	0	   0.458	   2.469	   0.686	  55.000	  75.000	   0.000	 230.000	 280.000
17:43:15:192	8,09015E+13	    4.161	   12.000	3200	  18.750	  90.215	  25.060	  14.964	  69.475	  19.299	72	0	   0.472	   2.521	   0.700	  55.000	  75.000	   0.000	 230.000	 280.000
17:43:15:301	8,09018E+13	    4.271	   23.000	3200	  19.571	  92.361	  25.656	  15.631	  71.189	  19.775	64	0	   0.493	   2.575	   0.715	  55.000	  75.000	   0.000	 230.000	 280.000
17:43:15:396	8,09021E+13	    4.366	   13.000	3200	  19.236	  94.183	  26.162	  14.854	  72.596	  20.166	67	0	   0.484	   2.621	   0.728	  55.000	  75.000	   0.000	 230.000	 280.000
17:43:15:508	8,09024E+13	    4.477	   13.000	3200	  21.187	  96.547	  26.819	  14.784	  74.246	  20.624	68	0	   0.490	   2.676	   0.743	  55.000	  75.000	   0.000	 230.000	 280.000
17:43:15:618	8,09027E+13	    4.587	   12.000	3200	  21.162	  98.873	  27.465	  14.833	  75.876	  21.077	68	0	   0.468	   2.727	   0.758	  55.000	  75.000	   0.000	 230.000	 280.000
17:43:15:728	8,0903E+13	    4.698	   15.000	3200	  21.639	 101.270	  28.131	  15.289	  77.569	  21.547	70	0	   0.483	   2.781	   0.772	  55.000	  75.000	   0.000	 230.000	 280.000
17:43:15:839	8,09033E+13	    4.809	   12.000	3200	  21.093	 103.612	  28.781	  14.765	  79.209	  22.002	63	0	   0.491	   2.835	   0.788	  55.000	  75.000	   0.000	 230.000	 280.000
17:43:15:949	8,09036E+13	    4.918	   13.000	3200	  20.781	 105.882	  29.412	  14.515	  80.794	  22.443	69	0	   0.478	   2.887	   0.802	  55.000	  75.000	   0.000	 230.000	 280.000
17:43:16:061	8,09039E+13	    5.030	   12.000	3200	  21.385	 108.279	  30.077	  15.089	  82.485	  22.913	69	0	   0.468	   2.940	   0.817	  55.000	  75.000	   0.000	 230.000	 280.000
17:43:16:170	8,09042E+13	    5.140	   12.000	3200	  21.364	 110.622	  30.728	  14.993	  84.130	  23.369	72	0	   0.460	   2.990	   0.831	  55.000	  75.000	   0.000	 230.000	 280.000
17:43:16:303	8,09045E+13	    5.273	   29.000	3400	  22.716	 113.649	  31.569	  16.429	  86.319	  23.978	62	0	   0.540	   3.062	   0.851	  55.000	  75.000	   0.000	 230.000	 280.000
17:43:16:391	8,09048E+13	    5.360	   14.000	3200	  21.878	 115.554	  32.098	  15.497	  87.668	  24.352	69	0	   0.537	   3.109	   0.864	  55.000	  75.000	   0.000	 230.000	 280.000
17:43:16:502	8,09051E+13	    5.472	   13.000	3300	  21.270	 117.921	  32.756	  14.989	  89.337	  24.816	66	0	   0.492	   3.164	   0.879	  55.000	  75.000	   0.000	 230.000	 280.000
17:43:16:614	8,09054E+13	    5.583	   12.000	3200	  21.282	 120.302	  33.417	  14.950	  91.009	  25.280	70	0	   0.468	   3.216	   0.893	  55.000	  75.000	   0.000	 230.000	 280.000
17:43:16:724	8,09057E+13	    5.693	   12.000	3200	  21.576	 122.668	  34.074	  15.203	  92.676	  25.743	71	0	   0.464	   3.267	   0.907	  55.000	  75.000	   0.000	 230.000	 280.000
17:43:16:833	8,0906E+13	    5.803	   12.000	3200	  21.212	 125.000	  34.722	  14.892	  94.314	  26.198	72	0	   0.480	   3.320	   0.922	  55.000	  75.000	   0.000	 230.000	 280.000
17:43:16:943	8,09062E+13	    5.912	   12.000	3200	  20.965	 127.295	  35.360	  14.734	  95.926	  26.646	66	0	   0.462	   3.370	   0.936	  55.000	  75.000	   0.000	 230.000	 280.000
17:43:17:055	8,09066E+13	    6.024	   12.000	3200	  21.232	 129.665	  36.018	  14.849	  97.584	  27.107	72	0	   0.458	   3.421	   0.950	  55.000	  75.000	   0.000	 230.000	 280.000
17:43:17:165	8,09068E+13	    6.134	   12.000	3200	  21.424	 132.020	  36.672	  15.107	  99.244	  27.568	73	0	   0.463	   3.472	   0.965	  55.000	  75.000	   0.000	 230.000	 280.000
17:43:17:294	8,09072E+13	    6.264	   24.000	3200	  22.580	 134.954	  37.487	  16.247	 101.355	  28.154	64	0	   0.494	   3.536	   0.982	  55.000	  75.000	   0.000	 230.000	 280.000
17:43:17:386	8,09074E+13	    6.355	   12.000	3200	  21.250	 136.894	  38.026	  15.028	 102.728	  28.536	72	0	   0.475	   3.580	   0.994	  55.000	  75.000	   0.000	 230.000	 280.000
17:43:17:498	8,09078E+13	    6.467	   12.000	3200	  21.868	 139.340	  38.705	  15.503	 104.461	  29.017	71	0	   0.475	   3.633	   1.009	  55.000	  75.000	   0.000	 230.000	 280.000
17:43:17:607	8,09081E+13	    6.577	   12.000	3200	  21.399	 141.690	  39.358	  15.055	 106.115	  29.476	64	0	   0.461	   3.684	   1.023	  55.000	  75.000	   0.000	 230.000	 280.000
17:43:17:718	8,09084E+13	    6.688	   12.000	3200	  21.093	 144.033	  40.009	  14.793	 107.758	  29.933	67	0	   0.471	   3.736	   1.038	  55.000	  75.000	   0.000	 230.000	 280.000
17:43:17:829	8,09087E+13	    6.799	   12.000	3200	  20.939	 146.347	  40.652	  14.734	 109.387	  30.385	71	0	   0.464	   3.787	   1.052	  55.000	  75.000	   0.000	 230.000	 280.000
17:43:17:939	8,09089E+13	    6.908	   12.000	3200	  21.459	 148.698	  41.305	  15.035	 111.033	  30.843	72	0	   0.485	   3.840	   1.067	  55.000	  75.000	   0.000	 230.000	 280.000
17:43:18:050	8,09093E+13	    7.020	   13.000	3200	  21.753	 151.128	  41.980	  15.154	 112.727	  31.313	64	0	   0.459	   3.892	   1.081	  55.000	  75.000	   0.000	 230.000	 280.000
17:43:18:160	8,09095E+13	    7.129	   12.000	3200	  26.220	 153.994	  42.776	  14.936	 114.359	  31.767	72	0	   0.462	   3.942	   1.095	  55.000	  75.000	   0.000	 230.000	 280.000
17:43:18:256	8,09098E+13	    7.225	   12.000	3200	  26.385	 156.524	  43.479	  14.979	 115.795	  32.165	72	0	   0.475	   3.988	   1.108	  55.000	  75.000	   0.000	 230.000	 280.000
17:43:18:365	8,09101E+13	    7.335	   15.000	3200	  27.290	 159.524	  44.312	  15.896	 117.543	  32.651	71	0	   0.491	   4.042	   1.123	  55.000	  75.000	   0.000	 230.000	 280.000
17:43:18:476	8,09104E+13	    7.445	   13.000	3200	  26.268	 162.424	  45.118	  14.998	 119.199	  33.111	70	0	   0.477	   4.094	   1.137	  55.000	  75.000	   0.000	 230.000	 280.000
17:43:18:587	8,09107E+13	    7.557	   13.000	3200	  26.564	 165.385	  45.940	  15.070	 120.879	  33.577	68	0	   0.486	   4.149	   1.152	  55.000	  75.000	   0.000	 230.000	 280.000
17:43:18:699	8,0911E+13	    7.668	   12.000	3200	  26.406	 168.326	  46.757	  15.139	 122.565	  34.046	71	0	   0.458	   4.200	   1.167	  55.000	  75.000	   0.000	 230.000	 280.000
17:43:18:809	8,09113E+13	    7.779	   18.000	3200	  28.771	 171.515	  47.643	  17.340	 124.487	  34.580	63	0	   0.583	   4.264	   1.184	  55.000	  75.000	   0.000	 230.000	 280.000
17:43:18:921	8,09116E+13	    7.890	   33.000	3200	  33.508	 175.243	  48.679	  22.101	 126.945	  35.263	62	0	   0.812	   4.354	   1.210	  55.000	  75.000	   0.000	 230.000	 280.000
17:43:19:032	8,09119E+13	    8.001	   44.000	3200	  38.599	 179.526	  49.868	  26.982	 129.940	  36.094	68	0	   0.999	   4.465	   1.240	  55.000	  75.000	   0.000	 230.000	 280.000
17:43:19:142	8,09122E+13	    8.111	   22.000	3200	  30.310	 182.855	  50.793	  18.847	 132.010	  36.669	66	0	   0.669	   4.539	   1.261	  55.000	  75.000	   0.000	 230.000	 280.000
17:43:19:252	8,09125E+13	    8.221	   26.000	3200	  31.782	 186.353	  51.765	  20.274	 134.241	  37.289	69	0	   0.712	   4.617	   1.283	  55.000	  75.000	   0.000	 230.000	 280.000
17:43:19:364	8,09128E+13	    8.333	   16.000	3200	  26.920	 189.369	  52.603	  15.565	 135.985	  37.774	71	0	   0.493	   4.672	   1.298	  55.000	  75.000	   0.000	 230.000	 280.000
17:43:19:472	8,09131E+13	    8.441	   16.000	3200	  27.125	 192.299	  53.416	  15.698	 137.681	  38.245	69	0	   0.571	   4.734	   1.315	  55.000	  75.000	   0.000	 230.000	 280.000
17:43:19:581	8,09134E+13	    8.551	   14.000	3200	  26.616	 195.221	  54.228	  15.170	 139.346	  38.707	68	0	   0.524	   4.792	   1.331	  55.000	  75.000	   0.000	 230.000	 280.000
17:43:19:691	8,09137E+13	    8.661	   12.000	3200	  26.285	 198.107	  55.030	  14.872	 140.979	  39.161	67	0	   0.481	   4.845	   1.346	  55.000	  75.000	   0.000	 230.000	 280.000
17:43:19:787	8,0914E+13	    8.757	   13.000	3200	  26.482	 200.650	  55.736	  15.119	 142.431	  39.564	70	0	   0.482	   4.891	   1.359	  55.000	  75.000	   0.000	 230.000	 280.000
17:43:19:898	8,09143E+13	    8.867	   13.000	3200	  26.057	 203.530	  56.536	  14.804	 144.067	  40.019	68	0	   0.514	   4.948	   1.374	  55.000	  75.000	   0.000	 230.000	 280.000
17:43:20:008	8,09146E+13	    8.977	   12.000	3200	  26.227	 206.411	  57.336	  14.824	 145.695	  40.471	71	0	   0.482	   5.001	   1.389	  55.000	  75.000	   0.000	 230.000	 280.000
17:43:20:119	8,09149E+13	    9.089	   12.000	3200	  26.339	 209.348	  58.152	  15.089	 147.378	  40.938	71	0	   0.463	   5.052	   1.403	  55.000	  75.000	   0.000	 230.000	 280.000
17:43:20:230	8,09152E+13	    9.200	   12.000	3200	  26.608	 212.310	  58.975	  15.086	 149.057	  41.405	72	0	   0.467	   5.104	   1.418	  55.000	  75.000	   0.000	 230.000	 280.000
17:43:20:341	8,09155E+13	    9.311	   17.000	3200	  27.350	 215.334	  59.815	  16.116	 150.839	  41.900	71	0	   0.491	   5.158	   1.433	  55.000	  75.000	   0.000	 230.000	 280.000
17:43:20:453	8,09158E+13	    9.422	   12.000	3200	  26.571	 218.299	  60.639	  15.100	 152.524	  42.368	73	0	   0.489	   5.213	   1.448	  55.000	  75.000	   0.000	 230.000	 280.000
17:43:20:562	8,09161E+13	    9.532	   14.000	3200	  26.307	 221.185	  61.440	  14.839	 154.152	  42.820	69	0	   0.517	   5.270	   1.464	  55.000	  75.000	   0.000	 230.000	 280.000
17:43:20:674	8,09164E+13	    9.643	   13.000	3200	  26.322	 224.113	  62.254	  15.003	 155.821	  43.284	69	0	   0.493	   5.325	   1.479	  55.000	  75.000	   0.000	 230.000	 280.000
17:43:20:784	8,09167E+13	    9.754	   13.000	3200	  26.793	 227.086	  63.079	  15.411	 157.531	  43.759	64	0	   0.478	   5.378	   1.494	  55.000	  75.000	   0.000	 230.000	 280.000
17:43:20:895	8,0917E+13	    9.865	   12.000	3200	  26.171	 229.987	  63.885	  14.762	 159.167	  44.213	68	0	   0.478	   5.431	   1.508	  55.000	  75.000	   0.000	 230.000	 280.000
17:43:21:003	8,09173E+13	    9.973	   12.000	3200	  26.369	 232.836	  64.677	  15.029	 160.791	  44.664	66	0	   0.465	   5.481	   1.522	  55.000	  75.000	   0.000	 230.000	 280.000
17:43:21:114	8,09176E+13	   10.084	   12.000	3200	  26.269	 235.748	  65.486	  14.851	 162.437	  45.121	71	0	   0.479	   5.534	   1.537	  55.000	  75.000	   0.000	 230.000	 280.000
17:43:21:210	8,09178E+13	   10.179	   13.000	3200	  26.787	 238.311	  66.197	  15.616	 163.931	  45.536	71	0	   0.484	   5.580	   1.550	  55.000	  75.000	   0.000	 230.000	 280.000
17:43:21:325	8,09181E+13	   10.295	   24.000	3400	  27.447	 241.473	  67.076	  16.172	 165.795	  46.054	68	0	   0.491	   5.637	   1.566	  55.000	  75.000	   0.000	 230.000	 280.000
17:43:21:433	8,09184E+13	   10.402	   13.000	3200	  26.699	 244.342	  67.873	  15.144	 167.422	  46.506	70	0	   0.489	   5.689	   1.580	  55.000	  75.000	   0.000	 230.000	 280.000
17:43:21:543	8,09187E+13	   10.513	   12.000	3200	  26.696	 247.298	  68.694	  15.245	 169.110	  46.975	69	0	   0.483	   5.743	   1.595	  55.000	  75.000	   0.000	 230.000	 280.000
17:43:21:654	8,0919E+13	   10.623	   12.000	3200	  26.056	 250.170	  69.492	  14.756	 170.737	  47.427	70	0	   0.475	   5.795	   1.610	  55.000	  75.000	   0.000	 230.000	 280.000
17:43:21:765	8,09193E+13	   10.735	   13.000	3200	  26.538	 253.140	  70.317	  15.141	 172.431	  47.898	69	0	   0.509	   5.852	   1.626	  55.000	  75.000	   0.000	 230.000	 280.000
17:43:21:875	8,09196E+13	   10.844	   13.000	3200	  26.162	 255.998	  71.111	  14.857	 174.054	  48.348	70	0	   0.479	   5.905	   1.640	  55.000	  75.000	   0.000	 230.000	 280.000
17:43:21:986	8,09199E+13	   10.956	   13.000	3200	  26.571	 258.961	  71.934	  15.050	 175.732	  48.815	66	0	   0.510	   5.961	   1.656	  55.000	  75.000	   0.000	 230.000	 280.000
17:43:22:097	8,09202E+13	   11.067	   12.000	3200	  26.016	 261.855	  72.738	  14.722	 177.370	  49.269	70	0	   0.466	   6.013	   1.670	  55.000	  75.000	   0.000	 230.000	 280.000
17:43:22:207	8,09205E+13	   11.177	   12.000	3200	  26.184	 264.726	  73.535	  14.963	 179.011	  49.725	70	0	   0.474	   6.065	   1.685	  55.000	  75.000	   0.000	 230.000	 280.000
17:43:22:336	8,09209E+13	   11.305	   24.000	3400	  27.244	 268.234	  74.509	  15.854	 181.052	  50.292	67	0	   0.484	   6.127	   1.702	  55.000	  75.000	   0.000	 230.000	 280.000
17:43:22:425	8,09211E+13	   11.394	   13.000	3200	  26.169	 270.560	  75.156	  14.729	 182.361	  50.656	65	0	   0.490	   6.171	   1.714	  55.000	  75.000	   0.000	 230.000	 280.000
17:43:22:537	8,09214E+13	   11.506	   12.000	3200	  26.410	 273.517	  75.977	  15.029	 184.044	  51.123	67	0	   0.467	   6.223	   1.729	  55.000	  75.000	   0.000	 230.000	 280.000
17:43:22:647	8,09217E+13	   11.616	   12.000	3200	  26.183	 276.400	  76.778	  14.845	 185.678	  51.577	69	0	   0.480	   6.276	   1.743	  55.000	  75.000	   0.000	 230.000	 280.000
17:43:22:756	8,0922E+13	   11.725	   12.000	3200	  25.901	 279.224	  77.562	  14.547	 187.264	  52.018	70	0	   0.466	   6.327	   1.757	  55.000	  75.000	   0.000	 230.000	 280.000
17:43:22:868	8,09223E+13	   11.837	   12.000	3200	  26.408	 282.171	  78.381	  14.933	 188.931	  52.481	66	0	   0.467	   6.379	   1.772	  55.000	  75.000	   0.000	 230.000	 280.000
17:43:22:989	8,09226E+13	   11.959	   16.000	3200	  27.762	 285.544	  79.318	  16.491	 190.934	  53.037	65	0	   0.511	   6.441	   1.789	  55.000	  75.000	   0.000	 230.000	 280.000
17:43:23:084	8,09229E+13	   12.053	   12.000	3200	  25.976	 288.003	  80.001	  14.529	 192.310	  53.419	71	0	   0.462	   6.485	   1.801	  55.000	  75.000	   0.000	 230.000	 280.000
17:43:23:195	8,09232E+13	   12.164	   12.000	3200	  26.582	 290.959	  80.822	  15.276	 194.009	  53.891	72	0	   0.482	   6.538	   1.816	  55.000	  75.000	   0.000	 230.000	 280.000
17:43:23:325	8,09236E+13	   12.294	   25.000	3200	  27.365	 294.510	  81.808	  15.947	 196.078	  54.466	67	0	   0.479	   6.601	   1.833	  55.000	  75.000	   0.000	 230.000	 280.000
17:43:23:414	8,09238E+13	   12.384	   15.000	3200	  26.712	 296.911	  82.475	  15.289	 197.452	  54.848	70	0	   0.534	   6.649	   1.847	  55.000	  75.000	   0.000	 230.000	 280.000
17:43:23:525	8,09241E+13	   12.495	   12.000	3200	  26.630	 299.863	  83.295	  15.215	 199.139	  55.316	71	0	   0.470	   6.701	   1.861	  55.000	  75.000	   0.000	 230.000	 280.000
17:43:23:636	8,09244E+13	   12.605	   12.000	3200	  26.446	 302.788	  84.108	  15.219	 200.822	  55.784	65	0	   0.460	   6.751	   1.875	  55.000	  75.000	   0.000	 230.000	 280.000
17:43:23:748	8,09247E+13	   12.717	   12.000	3200	  26.663	 305.765	  84.935	  15.224	 202.522	  56.256	70	0	   0.484	   6.806	   1.890	  55.000	  75.000	   0.000	 230.000	 280.000
17:43:23:858	8,0925E+13	   12.828	   12.000	3200	  26.206	 308.658	  85.738	  14.919	 204.169	  56.713	63	0	   0.465	   6.857	   1.905	  55.000	  75.000	   0.000	 230.000	 280.000
17:43:23:970	8,09253E+13	   12.939	   13.000	3200	  26.710	 311.636	  86.566	  15.238	 205.868	  57.185	68	0	   0.469	   6.909	   1.919	  55.000	  75.000	   0.000	 230.000	 280.000
17:43:24:079	8,09256E+13	   13.049	   13.000	3200	  26.700	 314.573	  87.381	  15.338	 207.555	  57.654	71	0	   0.466	   6.960	   1.933	  55.000	  75.000	   0.000	 230.000	 280.000
17:43:24:191	8,09259E+13	   13.161	   12.000	3200	  26.238	 317.502	  88.195	  15.035	 209.233	  58.120	66	0	   0.458	   7.011	   1.948	  55.000	  75.000	   0.000	 230.000	 280.000
17:43:24:302	8,09262E+13	   13.271	   12.000	3200	  26.359	 320.415	  89.004	  14.884	 210.878	  58.577	70	0	   0.475	   7.064	   1.962	  55.000	  75.000	   0.000	 230.000	 280.000
17:43:24:411	8,09265E+13	   13.381	   14.000	3200	  27.197	 323.394	  89.832	  15.949	 212.625	  59.062	71	0	   0.489	   7.118	   1.977	  55.000	  75.000	   0.000	 230.000	 280.000
17:43:24:507	8,09268E+13	   13.476	   13.000	3200	  26.565	 325.936	  90.538	  15.102	 214.070	  59.464	71	0	   0.495	   7.165	   1.990	  55.000	  75.000	   0.000	 230.000	 280.000
17:43:24:618	8,09271E+13	   13.587	   12.000	3200	  26.509	 328.871	  91.353	  15.085	 215.740	  59.928	71	0	   0.458	   7.216	   2.004	  55.000	  75.000	   0.000	 230.000	 280.000
17:43:24:728	8,09274E+13	   13.697	   12.000	3200	  26.054	 331.745	  92.151	  14.751	 217.367	  60.380	69	0	   0.473	   7.268	   2.019	  55.000	  75.000	   0.000	 230.000	 280.000
17:43:24:838	8,09277E+13	   13.807	   12.000	3200	  26.307	 334.629	  92.952	  14.840	 218.994	  60.832	64	0	   0.484	   7.321	   2.034	  55.000	  75.000	   0.000	 230.000	 280.000
17:43:24:948	8,0928E+13	   13.917	   12.000	3200	  26.208	 337.513	  93.754	  14.861	 220.629	  61.286	69	0	   0.460	   7.371	   2.048	  55.000	  75.000	   0.000	 230.000	 280.000
17:43:25:057	8,09283E+13	   14.027	   16.000	3200	  28.426	 340.635	  94.621	  16.993	 222.496	  61.804	69	0	   0.480	   7.424	   2.062	  55.000	  75.000	   0.000	 230.000	 280.000
17:43:25:166	8,09286E+13	   14.136	   12.000	3200	  26.543	 343.529	  95.425	  15.179	 224.151	  62.264	66	0	   0.478	   7.476	   2.077	  55.000	  75.000	   0.000	 230.000	 280.000
17:43:25:278	8,09289E+13	   14.248	   14.000	3200	  26.398	 346.485	  96.246	  14.995	 225.830	  62.731	70	0	   0.519	   7.534	   2.093	  55.000	  75.000	   0.000	 230.000	 280.000
17:43:25:388	8,09292E+13	   14.357	   16.000	3200	  27.278	 349.464	  97.073	  15.954	 227.572	  63.214	71	0	   0.515	   7.591	   2.109	  55.000	  75.000	   0.000	 230.000	 280.000
17:43:25:499	8,09295E+13	   14.468	   13.000	3200	  26.382	 352.398	  97.888	  15.065	 229.248	  63.680	71	0	   0.483	   7.644	   2.123	  55.000	  75.000	   0.000	 230.000	 280.000
17:43:25:609	8,09297E+13	   14.578	   12.000	3200	  26.751	 355.334	  98.704	  15.326	 230.930	  64.147	72	0	   0.470	   7.696	   2.138	  55.000	  75.000	   0.000	 230.000	 280.000
17:43:25:719	8,093E+13	   14.688	   12.000	3200	  25.921	 358.194	  99.498	  14.638	 232.545	  64.596	70	0	   0.466	   7.747	   2.152	  55.000	  75.000	   0.000	 230.000	 280.000
17:43:25:829	8,09303E+13	   14.799	   12.000	3200	  26.617	 361.134	 100.315	  15.119	 234.215	  65.060	68	0	   0.472	   7.800	   2.167	  55.000	  75.000	   0.000	 230.000	 280.000
17:43:25:939	8,09306E+13	   14.909	   12.000	3200	  26.291	 364.017	 101.116	  15.084	 235.869	  65.519	73	0	   0.474	   7.852	   2.181	  55.000	  75.000	   0.000	 230.000	 280.000
17:43:26:049	8,09309E+13	   15.019	   12.000	3200	  26.343	 366.924	 101.923	  14.810	 237.503	  65.973	69	0	   0.475	   7.904	   2.196	  55.000	  75.000	   0.000	 230.000	 280.000
17:43:26:160	8,09312E+13	   15.129	   12.000	3200	  26.275	 369.821	 102.728	  14.963	 239.153	  66.431	69	0	   0.469	   7.956	   2.210	  55.000	  75.000	   0.000	 230.000	 280.000
17:43:26:255	8,09315E+13	   15.225	   13.000	3200	  26.840	 372.391	 103.442	  15.403	 240.628	  66.841	70	0	   0.492	   8.003	   2.223	  55.000	  75.000	   0.000	 230.000	 280.000
17:43:26:379	8,09318E+13	   15.349	   16.000	3200	  27.133	 375.755	 104.376	  15.757	 242.581	  67.384	64	0	   0.499	   8.065	   2.240	  55.000	  75.000	   0.000	 230.000	 280.000
17:43:26:489	8,09321E+13	   15.458	   13.000	3200	  25.793	 378.573	 105.159	  14.482	 244.164	  67.823	68	0	   0.480	   8.117	   2.255	  55.000	  75.000	   0.000	 230.000	 280.000
17:43:26:584	8,09324E+13	   15.553	   12.000	3200	  26.312	 381.071	 105.853	  14.932	 245.581	  68.217	72	0	   0.458	   8.161	   2.267	  55.000	  75.000	   0.000	 230.000	 280.000
17:43:26:694	8,09327E+13	   15.664	   12.000	3200	  26.670	 384.027	 106.674	  15.261	 247.273	  68.687	72	0	   0.475	   8.213	   2.281	  55.000	  75.000	   0.000	 230.000	 280.000
17:43:26:806	8,0933E+13	   15.775	   12.000	3200	  26.473	 386.975	 107.493	  15.203	 248.965	  69.157	71	0	   0.460	   8.264	   2.296	  55.000	  75.000	   0.000	 230.000	 280.000
17:43:26:915	8,09333E+13	   15.885	   12.000	3200	  26.820	 389.913	 108.309	  15.326	 250.644	  69.623	62	0	   0.480	   8.317	   2.310	  55.000	  75.000	   0.000	 230.000	 280.000
17:43:27:025	8,09336E+13	   15.994	   13.000	3200	  26.566	 392.822	 109.117	  15.326	 252.323	  70.090	64	0	   0.480	   8.370	   2.325	  55.000	  75.000	   0.000	 230.000	 280.000
17:43:27:134	8,09339E+13	   16.104	   13.000	3300	  26.646	 395.732	 109.926	  15.359	 254.000	  70.556	71	0	   0.474	   8.421	   2.339	  55.000	  75.000	   0.000	 230.000	 280.000
17:43:27:244	8,09342E+13	   16.213	   12.000	3200	  26.578	 398.649	 110.736	  15.123	 255.660	  71.017	69	0	   0.472	   8.473	   2.354	  55.000	  75.000	   0.000	 230.000	 280.000
17:43:27:354	8,09345E+13	   16.324	   18.000	3200	  27.085	 401.649	 111.569	  15.661	 257.394	  71.498	67	0	   0.496	   8.528	   2.369	  55.000	  75.000	   0.000	 230.000	 280.000
17:43:27:462	8,09348E+13	   16.432	   13.000	3200	  26.337	 404.483	 112.357	  15.116	 259.021	  71.950	70	0	   0.489	   8.581	   2.384	  55.000	  75.000	   0.000	 230.000	 280.000
17:43:27:573	8,09351E+13	   16.543	   14.000	3200	  27.306	 407.522	 113.201	  15.788	 260.778	  72.438	66	0	   0.463	   8.632	   2.398	  55.000	  75.000	   0.000	 230.000	 280.000
17:43:27:685	8,09354E+13	   16.654	   13.000	3200	  26.786	 410.500	 114.028	  15.444	 262.495	  72.915	71	0	   0.476	   8.685	   2.413	  55.000	  75.000	   0.000	 230.000	 280.000
17:43:27:796	8,09357E+13	   16.766	   12.000	3200	  26.490	 413.451	 114.848	  15.239	 264.193	  73.387	71	0	   0.471	   8.738	   2.427	  55.000	  75.000	   0.000	 230.000	 280.000
17:43:27:908	8,0936E+13	   16.877	   13.000	3200	  26.826	 416.447	 115.680	  15.347	 265.907	  73.863	67	0	   0.516	   8.795	   2.443	  55.000	  75.000	   0.000	 230.000	 280.000
17:43:28:018	8,09363E+13	   16.987	   12.000	3200	  26.103	 419.316	 116.477	  14.732	 267.526	  74.313	71	0	   0.490	   8.849	   2.458	  55.000	  75.000	   0.000	 230.000	 280.000
17:43:28:126	8,09366E+13	   17.096	   12.000	3200	  26.569	 422.206	 117.279	  15.144	 269.173	  74.770	70	0	   0.467	   8.900	   2.472	  55.000	  75.000	   0.000	 230.000	 280.000
17:43:28:236	8,09369E+13	   17.205	   12.000	3200	  26.600	 425.113	 118.087	  15.299	 270.845	  75.235	69	0	   0.462	   8.951	   2.486	  55.000	  75.000	   0.000	 230.000	 280.000
17:43:28:346	8,09372E+13	   17.315	   19.000	3200	  27.042	 428.086	 118.913	  15.656	 272.566	  75.713	68	0	   0.484	   9.004	   2.501	  55.000	  75.000	   0.000	 230.000	 280.000
17:43:28:456	8,09375E+13	   17.426	   25.000	3200	  30.734	 431.493	 119.859	  19.255	 274.701	  76.306	61	0	   0.696	   9.081	   2.522	  55.000	  75.000	   0.000	 230.000	 280.000
17:43:28:564	8,09378E+13	   17.533	   13.000	3200	  26.124	 434.291	 120.636	  14.766	 276.282	  76.745	70	0	   0.514	   9.136	   2.538	  55.000	  75.000	   0.000	 230.000	 280.000
17:43:28:674	8,09381E+13	   17.643	   12.000	3200	  26.056	 437.165	 121.435	  14.761	 277.911	  77.197	71	0	   0.461	   9.187	   2.552	  55.000	  75.000	   0.000	 230.000	 280.000
17:43:28:783	8,09384E+13	   17.752	   14.000	3200	  26.676	 440.066	 122.241	  15.214	 279.565	  77.657	67	0	   0.524	   9.244	   2.568	  55.000	  75.000	   0.000	 230.000	 280.000
17:43:28:893	8,09387E+13	   17.862	   13.000	3200	  25.974	 442.931	 123.036	  14.669	 281.183	  78.106	71	0	   0.486	   9.297	   2.583	  55.000	  75.000	   0.000	 230.000	 280.000
17:43:29:002	8,0939E+13	   17.972	   13.000	3200	  26.670	 445.851	 123.848	  15.179	 282.845	  78.568	71	0	   0.516	   9.354	   2.598	  55.000	  75.000	   0.000	 230.000	 280.000
17:43:29:109	8,09392E+13	   18.078	   12.000	3200	  26.717	 448.689	 124.636	  15.389	 284.480	  79.022	69	0	   0.494	   9.406	   2.613	  55.000	  75.000	   0.000	 230.000	 280.000
17:43:29:217	8,09395E+13	   18.186	   12.000	3200	  26.257	 451.532	 125.426	  14.936	 286.097	  79.471	69	0	   0.481	   9.458	   2.627	  55.000	  75.000	   0.000	 230.000	 280.000
17:43:29:328	8,09398E+13	   18.297	   23.000	3200	  27.151	 454.539	 126.261	  15.727	 287.839	  79.955	63	0	   0.503	   9.514	   2.643	  55.000	  75.000	   0.000	 230.000	 280.000
17:43:29:438	8,09401E+13	   18.407	   13.000	3200	  26.072	 457.412	 127.059	  14.742	 289.463	  80.406	70	0	   0.491	   9.568	   2.658	  55.000	  75.000	   0.000	 230.000	 280.000
17:43:29:548	8,09404E+13	   18.518	   12.000	3200	  26.411	 460.330	 127.869	  14.919	 291.111	  80.864	67	0	   0.481	   9.621	   2.673	  55.000	  75.000	   0.000	 230.000	 280.000
17:43:29:658	8,09407E+13	   18.627	    6.000	1300	  18.115	 462.313	 128.420	   6.829	 291.859	  81.072	47	0	   0.535	   9.680	   2.689	  55.000	  75.000	   0.000	 230.000	 280.000
17:43:29:766	8,0941E+13	   18.735	    7.000	1300	  11.768	 463.585	 128.774	   0.575	 291.921	  81.089	46	0	   0.568	   9.741	   2.706	  55.000	  75.000	   0.000	 230.000	 280.000
17:43:29:873	8,09413E+13	   18.843	    4.000	1900	  11.741	 464.849	 129.125	   0.469	 291.971	  81.103	45	0	   0.563	   9.802	   2.723	  55.000	  75.000	   0.000	 230.000	 280.000
17:43:29:983	8,09416E+13	   18.953	    4.000	800	  11.466	 466.111	 129.475	   0.300	 292.005	  81.112	45	0	   0.518	   9.859	   2.739	  55.000	  75.000	   0.000	 230.000	 280.000
17:43:30:086	8,09419E+13	   19.055	   11.000	3200	  14.758	 467.614	 129.893	   3.559	 292.367	  81.213	50	0	   0.634	   9.924	   2.757	  55.000	  75.000	   0.000	 230.000	 280.000
17:43:30:199	8,09422E+13	   19.168	    8.000	2200	  16.326	 469.462	 130.406	   4.862	 292.917	  81.366	49	0	   0.657	   9.998	   2.777	  55.000	  75.000	   0.000	 230.000	 280.000
17:43:30:337	8,09426E+13	   19.307	   17.000	3400	  15.280	 471.578	 130.994	   4.104	 293.486	  81.524	55	0	   0.606	  10.082	   2.800	  55.000	  75.000	   0.000	 230.000	 280.000
17:43:30:417	8,09428E+13	   19.387	    4.000	2500	  15.347	 472.811	 131.336	   3.730	 293.785	  81.607	46	0	   0.602	  10.130	   2.814	  55.000	  75.000	   0.000	 230.000	 280.000
17:43:30:527	8,09431E+13	   19.496	    6.000	1900	  12.853	 474.215	 131.726	   1.563	 293.956	  81.654	46	0	   0.602	  10.196	   2.832	  55.000	  75.000	   0.000	 230.000	 280.000
17:43:30:635	8,09434E+13	   19.605	    4.000	800	  11.498	 475.460	 132.072	   0.329	 293.992	  81.664	45	0	   0.520	  10.252	   2.848	  55.000	  75.000	   0.000	 230.000	 280.000
17:43:30:743	8,09437E+13	   19.713	    4.000	800	  11.464	 476.706	 132.418	   0.271	 294.021	  81.673	45	0	   0.525	  10.309	   2.864	  55.000	  75.000	   0.000	 230.000	 280.000
17:43:30:853	8,0944E+13	   19.823	    5.000	800	  11.509	 477.968	 132.769	   0.273	 294.051	  81.681	45	0	   0.536	  10.368	   2.880	  55.000	  75.000	   0.000	 230.000	 280.000
17:43:30:963	8,09443E+13	   19.932	    4.000	800	  11.412	 479.218	 133.116	   0.246	 294.078	  81.688	44	0	   0.532	  10.426	   2.896	  55.000	  75.000	   0.000	 230.000	 280.000
17:43:31:071	8,09446E+13	   20.041	    4.000	800	  11.418	 480.453	 133.459	   0.283	 294.109	  81.697	44	0	   0.527	  10.483	   2.912	  55.000	  75.000	   0.000	 230.000	 280.000
17:43:31:178	8,09449E+13	   20.148	    6.000	3100	  12.484	 481.793	 133.831	   1.206	 294.238	  81.733	45	0	   0.545	  10.542	   2.928	  55.000	  75.000	   0.000	 230.000	 280.000
17:43:31:288	8,09452E+13	   20.258	    3.000	800	  11.790	 483.091	 134.192	   0.530	 294.296	  81.749	44	0	   0.537	  10.601	   2.945	  55.000	  75.000	   0.000	 230.000	 280.000
17:43:31:398	8,09454E+13	   20.367	    7.000	3000	  13.477	 484.562	 134.601	   2.195	 294.536	  81.816	44	0	   0.542	  10.660	   2.961	  55.000	  75.000	   0.000	 230.000	 280.000
17:43:31:506	8,09457E+13	   20.476	    4.000	800	  11.601	 485.821	 134.950	   0.441	 294.584	  81.829	45	0	   0.519	  10.716	   2.977	  55.000	  75.000	   0.000	 230.000	 280.000
17:43:31:615	8,0946E+13	   20.584	    4.000	800	  11.602	 487.081	 135.300	   0.257	 294.612	  81.837	45	0	   0.524	  10.773	   2.993	  55.000	  75.000	   0.000	 230.000	 280.000
17:43:31:738	8,09464E+13	   20.708	    4.000	800	  11.411	 488.496	 135.693	   0.239	 294.641	  81.845	44	0	   0.519	  10.838	   3.010	  55.000	  75.000	   0.000	 230.000	 280.000
17:43:31:847	8,09467E+13	   20.817	    4.000	800	  11.497	 489.746	 136.041	   0.278	 294.672	  81.853	44	0	   0.534	  10.896	   3.027	  55.000	  75.000	   0.000	 230.000	 280.000
17:43:31:956	8,0947E+13	   20.925	    4.000	800	  11.405	 490.983	 136.384	   0.251	 294.699	  81.861	44	0	   0.527	  10.953	   3.042	  55.000	  75.000	   0.000	 230.000	 280.000
17:43:32:065	8,09473E+13	   21.034	    4.000	800	  11.464	 492.231	 136.731	   0.235	 294.724	  81.868	44	0	   0.521	  11.010	   3.058	  55.000	  75.000	   0.000	 230.000	 280.000
17:43:32:075	8,09473E+13	   21.044	    3.000	2600	  11.815	 492.348	 136.763	   1.134	 294.736	  81.871	44	0	   0.567	  11.015	   3.060	  55.000	  75.000	   0.000	 230.000	 280.000
																				
Total Elapsed Time (sec) = 21.044212											65,43523316									
Measured RDTSC Frequency (GHz) = 2.712																				
																				
Cumulative Processor Energy_0 (Joules) = 492.347778																				
Cumulative Processor Energy_0 (mWh) = 136.763272																				
Average Processor Power_0 (Watt) = 23.395876																				
																				
Cumulative IA Energy_0 (Joules) = 294.735535																				
Cumulative IA Energy_0 (mWh) = 81.870982																				
Average IA Power_0 (Watt) = 14.005539																				
																				
Cumulative DRAM Energy_0 (Joules) = 11.015198																				
Cumulative DRAM Energy_0 (mWh) = 3.059777																				
Average DRAM Power_0 (Watt) = 0.523431																				
