System Time	RDTSC	Elapsed Time (sec)	 CPU Utilization(%)	CPU Frequency_0(MHz)	Processor Power_0(Watt)	Cumulative Processor Energy_0(Joules)	Cumulative Processor Energy_0(mWh)	IA Power_0(Watt)	Cumulative IA Energy_0(Joules)	Cumulative IA Energy_0(mWh)	Package Temperature_0(C)	Package Hot_0	DRAM Power_0(Watt)	Cumulative DRAM Energy_0(Joules)	Cumulative DRAM Energy_0(mWh)	Package PL1_0(Watt)	Package PL2_0(Watt)	Package PL4_0(Watt)	Platform PsysPL1_0(Watt)	Platform PsysPL2_0(Watt)
17:45:37:455	8,12873E+13	    0.116	   14.000	3200	  25.893	   3.016	   0.838	  14.583	   1.699	   0.472	66	0	   0.519	   0.060	   0.017	  55.000	  75.000	   0.000	 230.000	 280.000
17:45:37:564	8,12876E+13	    0.226	   17.000	3200	  26.858	   5.951	   1.653	  15.320	   3.373	   0.937	64	0	   0.515	   0.117	   0.032	  55.000	  75.000	   0.000	 230.000	 280.000
17:45:37:676	8,12879E+13	    0.337	   12.000	3200	  25.783	   8.823	   2.451	  14.509	   4.989	   1.386	65	0	   0.472	   0.169	   0.047	  55.000	  75.000	   0.000	 230.000	 280.000
17:45:37:784	8,12882E+13	    0.446	   13.000	3200	  26.574	  11.715	   3.254	  15.165	   6.640	   1.844	72	0	   0.480	   0.222	   0.062	  55.000	  75.000	   0.000	 230.000	 280.000
17:45:37:895	8,12885E+13	    0.557	   12.000	3200	  26.197	  14.622	   4.062	  14.830	   8.285	   2.301	73	0	   0.460	   0.273	   0.076	  55.000	  75.000	   0.000	 230.000	 280.000
17:45:38:005	8,12888E+13	    0.666	   13.000	3200	  26.003	  17.469	   4.853	  14.730	   9.898	   2.749	59	0	   0.503	   0.328	   0.091	  55.000	  75.000	   0.000	 230.000	 280.000
17:45:38:115	8,12891E+13	    0.776	   12.000	3200	  25.815	  20.303	   5.640	  14.414	  11.480	   3.189	68	0	   0.476	   0.380	   0.106	  55.000	  75.000	   0.000	 230.000	 280.000
17:45:38:226	8,12894E+13	    0.887	   12.000	3200	  26.391	  23.234	   6.454	  15.049	  13.152	   3.653	64	0	   0.476	   0.433	   0.120	  55.000	  75.000	   0.000	 230.000	 280.000
17:45:38:335	8,12897E+13	    0.996	   12.000	3200	  26.037	  26.068	   7.241	  14.626	  14.744	   4.095	67	0	   0.460	   0.483	   0.134	  55.000	  75.000	   0.000	 230.000	 280.000
17:45:38:447	8,129E+13	    1.108	   12.000	3200	  25.941	  28.976	   8.049	  14.612	  16.382	   4.550	67	0	   0.457	   0.534	   0.148	  55.000	  75.000	   0.000	 230.000	 280.000
17:45:38:557	8,12903E+13	    1.218	   16.000	3200	  27.171	  31.963	   8.879	  15.789	  18.118	   5.033	66	0	   0.489	   0.588	   0.163	  55.000	  75.000	   0.000	 230.000	 280.000
17:45:38:668	8,12906E+13	    1.330	   12.000	3200	  26.007	  34.875	   9.687	  14.640	  19.757	   5.488	64	0	   0.465	   0.640	   0.178	  55.000	  75.000	   0.000	 230.000	 280.000
17:45:38:777	8,12909E+13	    1.439	   12.000	3200	  26.245	  37.729	  10.480	  14.827	  21.369	   5.936	69	0	   0.458	   0.690	   0.192	  55.000	  75.000	   0.000	 230.000	 280.000
17:45:38:888	8,12912E+13	    1.549	   12.000	3200	  25.791	  40.581	  11.273	  14.579	  22.981	   6.384	68	0	   0.459	   0.741	   0.206	  55.000	  75.000	   0.000	 230.000	 280.000
17:45:38:998	8,12915E+13	    1.660	   13.000	3200	  26.385	  43.494	  12.082	  14.870	  24.623	   6.840	69	0	   0.478	   0.793	   0.220	  55.000	  75.000	   0.000	 230.000	 280.000
17:45:39:106	8,12918E+13	    1.768	   12.000	3200	  26.413	  46.339	  12.872	  14.974	  26.236	   7.288	65	0	   0.467	   0.844	   0.234	  55.000	  75.000	   0.000	 230.000	 280.000
17:45:39:215	8,12921E+13	    1.876	   14.000	3200	  26.524	  49.219	  13.672	  15.289	  27.896	   7.749	58	0	   0.508	   0.899	   0.250	  55.000	  75.000	   0.000	 230.000	 280.000
17:45:39:327	8,12924E+13	    1.988	   23.000	3200	  28.820	  52.444	  14.568	  17.496	  29.854	   8.293	67	0	   0.556	   0.961	   0.267	  55.000	  75.000	   0.000	 230.000	 280.000
17:45:39:436	8,12927E+13	    2.098	   52.000	3300	  38.845	  56.716	  15.754	  27.204	  32.846	   9.124	72	0	   0.961	   1.067	   0.296	  55.000	  75.000	   0.000	 230.000	 280.000
17:45:39:548	8,1293E+13	    2.209	   17.000	3200	  27.337	  59.757	  16.599	  16.025	  34.628	   9.619	68	0	   0.480	   1.120	   0.311	  55.000	  75.000	   0.000	 230.000	 280.000
17:45:39:657	8,12933E+13	    2.318	   12.000	3200	  25.860	  62.573	  17.382	  14.475	  36.205	  10.057	74	0	   0.461	   1.170	   0.325	  55.000	  75.000	   0.000	 230.000	 280.000
17:45:39:766	8,12936E+13	    2.427	   12.000	3200	  25.878	  65.393	  18.165	  14.497	  37.784	  10.496	62	0	   0.465	   1.221	   0.339	  55.000	  75.000	   0.000	 230.000	 280.000
17:45:39:876	8,12939E+13	    2.537	   12.000	3200	  25.730	  68.226	  18.952	  14.399	  39.370	  10.936	68	0	   0.465	   1.272	   0.353	  55.000	  75.000	   0.000	 230.000	 280.000
17:45:39:987	8,12942E+13	    2.648	   12.000	3200	  26.108	  71.119	  19.755	  14.701	  40.999	  11.389	64	0	   0.488	   1.326	   0.368	  55.000	  75.000	   0.000	 230.000	 280.000
17:45:40:097	8,12945E+13	    2.758	   15.000	3200	  26.347	  74.024	  20.562	  15.008	  42.653	  11.848	63	0	   0.498	   1.381	   0.384	  55.000	  75.000	   0.000	 230.000	 280.000
17:45:40:206	8,12948E+13	    2.868	   12.000	3200	  25.905	  76.867	  21.352	  14.479	  44.242	  12.289	66	0	   0.484	   1.434	   0.398	  55.000	  75.000	   0.000	 230.000	 280.000
17:45:40:316	8,12951E+13	    2.978	   12.000	3300	  25.833	  79.706	  22.141	  14.440	  45.829	  12.730	66	0	   0.465	   1.485	   0.413	  55.000	  75.000	   0.000	 230.000	 280.000
17:45:40:426	8,12954E+13	    3.088	   12.000	3300	  25.943	  82.555	  22.932	  14.543	  47.426	  13.174	63	0	   0.457	   1.536	   0.427	  55.000	  75.000	   0.000	 230.000	 280.000
17:45:40:525	8,12956E+13	    3.187	   24.000	3300	  27.343	  85.272	  23.687	  16.065	  49.023	  13.617	61	0	   0.506	   1.586	   0.441	  55.000	  75.000	   0.000	 230.000	 280.000
17:45:40:634	8,12959E+13	    3.295	   12.000	3200	  25.478	  88.026	  24.452	  14.126	  50.550	  14.042	67	0	   0.481	   1.638	   0.455	  55.000	  75.000	   0.000	 230.000	 280.000
17:45:40:742	8,12962E+13	    3.403	   12.000	3200	  25.605	  90.790	  25.219	  14.214	  52.084	  14.468	67	0	   0.470	   1.689	   0.469	  55.000	  75.000	   0.000	 230.000	 280.000
17:45:40:852	8,12965E+13	    3.513	   13.000	3200	  25.709	  93.618	  26.005	  14.330	  53.660	  14.906	68	0	   0.497	   1.743	   0.484	  55.000	  75.000	   0.000	 230.000	 280.000
17:45:40:961	8,12968E+13	    3.622	   12.000	3200	  25.547	  96.401	  26.778	  14.184	  55.205	  15.335	66	0	   0.458	   1.793	   0.498	  55.000	  75.000	   0.000	 230.000	 280.000
17:45:41:070	8,12971E+13	    3.731	   12.000	3200	  25.918	  99.233	  27.565	  14.624	  56.803	  15.779	70	0	   0.467	   1.844	   0.512	  55.000	  75.000	   0.000	 230.000	 280.000
17:45:41:181	8,12974E+13	    3.842	   12.000	3200	  25.920	 102.110	  28.364	  14.564	  58.420	  16.228	67	0	   0.470	   1.896	   0.527	  55.000	  75.000	   0.000	 230.000	 280.000
17:45:41:288	8,12977E+13	    3.949	   12.000	3200	  25.846	 104.870	  29.131	  14.434	  59.961	  16.656	68	0	   0.465	   1.946	   0.541	  55.000	  75.000	   0.000	 230.000	 280.000
17:45:41:396	8,1298E+13	    4.058	   12.000	3200	  25.828	 107.682	  29.912	  14.427	  61.532	  17.092	63	0	   0.458	   1.996	   0.554	  55.000	  75.000	   0.000	 230.000	 280.000
17:45:41:538	8,12984E+13	    4.200	   24.000	3400	  26.755	 111.483	  30.967	  15.428	  63.724	  17.701	65	0	   0.475	   2.063	   0.573	  55.000	  75.000	   0.000	 230.000	 280.000
17:45:41:615	8,12986E+13	    4.276	   12.000	3200	  25.155	 113.403	  31.501	  13.839	  64.780	  17.994	67	0	   0.476	   2.100	   0.583	  55.000	  75.000	   0.000	 230.000	 280.000
17:45:41:725	8,12989E+13	    4.386	   12.000	3200	  25.605	 116.216	  32.282	  14.220	  66.342	  18.428	62	0	   0.464	   2.151	   0.597	  55.000	  75.000	   0.000	 230.000	 280.000
17:45:41:837	8,12992E+13	    4.498	   12.000	3200	  26.192	 119.145	  33.096	  14.791	  67.996	  18.888	68	0	   0.456	   2.202	   0.612	  55.000	  75.000	   0.000	 230.000	 280.000
17:45:41:948	8,12995E+13	    4.609	   12.000	3200	  26.030	 122.035	  33.899	  14.680	  69.626	  19.341	67	0	   0.460	   2.253	   0.626	  55.000	  75.000	   0.000	 230.000	 280.000
17:45:42:059	8,12998E+13	    4.720	   12.000	3200	  25.754	 124.894	  34.693	  14.390	  71.224	  19.784	63	0	   0.463	   2.304	   0.640	  55.000	  75.000	   0.000	 230.000	 280.000
17:45:42:169	8,13001E+13	    4.830	   13.000	3200	  26.010	 127.756	  35.488	  14.653	  72.836	  20.232	67	0	   0.483	   2.357	   0.655	  55.000	  75.000	   0.000	 230.000	 280.000
17:45:42:279	8,13004E+13	    4.941	   12.000	3200	  25.645	 130.597	  36.277	  14.235	  74.413	  20.670	69	0	   0.463	   2.409	   0.669	  55.000	  75.000	   0.000	 230.000	 280.000
17:45:42:389	8,13007E+13	    5.051	   12.000	3200	  26.099	 133.462	  37.073	  14.673	  76.024	  21.118	69	0	   0.460	   2.459	   0.683	  55.000	  75.000	   0.000	 230.000	 280.000
17:45:42:501	8,1301E+13	    5.163	   13.000	3200	  26.041	 136.382	  37.884	  14.718	  77.674	  21.576	73	0	   0.455	   2.510	   0.697	  55.000	  75.000	   0.000	 230.000	 280.000
17:45:42:613	8,13013E+13	    5.274	   14.000	3200	  26.825	 139.376	  38.716	  15.372	  79.390	  22.053	68	0	   0.484	   2.564	   0.712	  55.000	  75.000	   0.000	 230.000	 280.000
17:45:42:723	8,13016E+13	    5.384	   12.000	3200	  25.570	 142.178	  39.494	  14.341	  80.961	  22.489	68	0	   0.466	   2.615	   0.726	  55.000	  75.000	   0.000	 230.000	 280.000
17:45:42:818	8,13019E+13	    5.480	   12.000	3200	  25.986	 144.671	  40.186	  14.602	  82.362	  22.878	68	0	   0.456	   2.659	   0.739	  55.000	  75.000	   0.000	 230.000	 280.000
17:45:42:929	8,13022E+13	    5.590	   12.000	3200	  26.079	 147.545	  40.985	  14.775	  83.990	  23.331	68	0	   0.474	   2.711	   0.753	  55.000	  75.000	   0.000	 230.000	 280.000
17:45:43:041	8,13025E+13	    5.702	   12.000	3200	  25.981	 150.455	  41.793	  14.618	  85.628	  23.786	68	0	   0.485	   2.766	   0.768	  55.000	  75.000	   0.000	 230.000	 280.000
17:45:43:153	8,13028E+13	    5.814	   12.000	3200	  25.723	 153.333	  42.592	  14.315	  87.229	  24.230	63	0	   0.470	   2.818	   0.783	  55.000	  75.000	   0.000	 230.000	 280.000
17:45:43:261	8,13031E+13	    5.922	   12.000	3200	  26.039	 156.153	  43.376	  14.755	  88.827	  24.674	69	0	   0.472	   2.869	   0.797	  55.000	  75.000	   0.000	 230.000	 280.000
17:45:43:370	8,13034E+13	    6.032	   12.000	3200	  25.914	 158.996	  44.165	  14.483	  90.416	  25.116	68	0	   0.472	   2.921	   0.811	  55.000	  75.000	   0.000	 230.000	 280.000
17:45:43:479	8,13037E+13	    6.140	   12.000	3200	  25.903	 161.796	  44.943	  14.561	  91.990	  25.553	66	0	   0.458	   2.971	   0.825	  55.000	  75.000	   0.000	 230.000	 280.000
17:45:43:591	8,1304E+13	    6.252	   15.000	3200	  26.884	 164.805	  45.779	  15.489	  93.724	  26.034	64	0	   0.487	   3.025	   0.840	  55.000	  75.000	   0.000	 230.000	 280.000
17:45:43:701	8,13043E+13	    6.362	   12.000	3200	  25.722	 167.635	  46.565	  14.364	  95.304	  26.473	67	0	   0.457	   3.075	   0.854	  55.000	  75.000	   0.000	 230.000	 280.000
17:45:43:810	8,13046E+13	    6.472	   13.000	3200	  25.865	 170.477	  47.355	  14.462	  96.893	  26.915	64	0	   0.488	   3.129	   0.869	  55.000	  75.000	   0.000	 230.000	 280.000
17:45:43:922	8,13049E+13	    6.583	   12.000	3200	  25.789	 173.341	  48.150	  14.438	  98.497	  27.360	64	0	   0.461	   3.180	   0.883	  55.000	  75.000	   0.000	 230.000	 280.000
17:45:44:032	8,13052E+13	    6.693	   12.000	3200	  25.856	 176.185	  48.940	  14.489	 100.091	  27.803	64	0	   0.461	   3.231	   0.897	  55.000	  75.000	   0.000	 230.000	 280.000
17:45:44:139	8,13054E+13	    6.801	   13.000	3200	  26.049	 178.998	  49.722	  14.663	 101.674	  28.243	65	0	   0.494	   3.284	   0.912	  55.000	  75.000	   0.000	 230.000	 280.000
17:45:44:249	8,13057E+13	    6.911	   13.000	3200	  26.418	 181.896	  50.527	  14.964	 103.315	  28.699	67	0	   0.486	   3.337	   0.927	  55.000	  75.000	   0.000	 230.000	 280.000
17:45:44:359	8,1306E+13	    7.020	   12.000	3200	  26.117	 184.753	  51.320	  14.845	 104.940	  29.150	68	0	   0.464	   3.388	   0.941	  55.000	  75.000	   0.000	 230.000	 280.000
17:45:44:468	8,13063E+13	    7.129	   13.000	3200	  26.205	 187.610	  52.114	  14.833	 106.556	  29.599	59	0	   0.474	   3.440	   0.956	  55.000	  75.000	   0.000	 230.000	 280.000
17:45:44:576	8,13066E+13	    7.237	   16.000	3200	  26.650	 190.491	  52.914	  15.323	 108.213	  30.059	67	0	   0.493	   3.493	   0.970	  55.000	  75.000	   0.000	 230.000	 280.000
17:45:44:685	8,13069E+13	    7.346	   12.000	3200	  25.875	 193.312	  53.698	  14.519	 109.796	  30.499	69	0	   0.458	   3.543	   0.984	  55.000	  75.000	   0.000	 230.000	 280.000
17:45:44:797	8,13072E+13	    7.458	   12.000	3300	  25.751	 196.200	  54.500	  14.422	 111.414	  30.948	68	0	   0.458	   3.594	   0.998	  55.000	  75.000	   0.000	 230.000	 280.000
17:45:44:907	8,13075E+13	    7.568	   12.000	3200	  25.867	 199.039	  55.289	  14.453	 113.000	  31.389	67	0	   0.462	   3.645	   1.013	  55.000	  75.000	   0.000	 230.000	 280.000
17:45:45:018	8,13078E+13	    7.680	   12.000	3300	  26.348	 201.982	  56.106	  14.907	 114.665	  31.851	67	0	   0.485	   3.699	   1.028	  55.000	  75.000	   0.000	 230.000	 280.000
17:45:45:128	8,13081E+13	    7.790	   12.000	3200	  26.082	 204.848	  56.902	  14.691	 116.279	  32.300	67	0	   0.462	   3.750	   1.042	  55.000	  75.000	   0.000	 230.000	 280.000
17:45:45:236	8,13084E+13	    7.898	   14.000	3200	  26.497	 207.716	  57.699	  15.166	 117.920	  32.756	67	0	   0.509	   3.805	   1.057	  55.000	  75.000	   0.000	 230.000	 280.000
17:45:45:348	8,13087E+13	    8.009	   13.000	3200	  25.858	 210.591	  58.498	  14.523	 119.535	  33.204	68	0	   0.479	   3.858	   1.072	  55.000	  75.000	   0.000	 230.000	 280.000
17:45:45:443	8,1309E+13	    8.104	   12.000	3200	  25.625	 213.032	  59.176	  14.326	 120.900	  33.583	74	0	   0.459	   3.902	   1.084	  55.000	  75.000	   0.000	 230.000	 280.000
17:45:45:554	8,13093E+13	    8.215	   17.000	3200	  26.784	 215.999	  60.000	  15.372	 122.603	  34.056	64	0	   0.484	   3.956	   1.099	  55.000	  75.000	   0.000	 230.000	 280.000
17:45:45:665	8,13096E+13	    8.327	   12.000	3200	  26.107	 218.910	  60.808	  14.628	 124.234	  34.509	70	0	   0.459	   4.007	   1.113	  55.000	  75.000	   0.000	 230.000	 280.000
17:45:45:776	8,13099E+13	    8.437	   12.000	3200	  26.193	 221.808	  61.613	  14.994	 125.892	  34.970	69	0	   0.458	   4.058	   1.127	  55.000	  75.000	   0.000	 230.000	 280.000
17:45:45:887	8,13102E+13	    8.549	   12.000	3200	  26.520	 224.755	  62.432	  14.940	 127.553	  35.431	69	0	   0.461	   4.109	   1.141	  55.000	  75.000	   0.000	 230.000	 280.000
17:45:45:999	8,13105E+13	    8.660	   12.000	3200	  26.041	 227.661	  63.239	  14.820	 129.206	  35.891	69	0	   0.462	   4.160	   1.156	  55.000	  75.000	   0.000	 230.000	 280.000
17:45:46:110	8,13108E+13	    8.772	   12.000	3200	  26.396	 230.611	  64.059	  14.974	 130.880	  36.356	70	0	   0.469	   4.213	   1.170	  55.000	  75.000	   0.000	 230.000	 280.000
17:45:46:219	8,13111E+13	    8.881	   13.000	3200	  26.346	 233.483	  64.856	  14.981	 132.513	  36.809	70	0	   0.471	   4.264	   1.184	  55.000	  75.000	   0.000	 230.000	 280.000
17:45:46:331	8,13114E+13	    8.993	   12.000	3200	  26.454	 236.440	  65.678	  15.031	 134.193	  37.276	70	0	   0.460	   4.316	   1.199	  55.000	  75.000	   0.000	 230.000	 280.000
17:45:46:442	8,13117E+13	    9.103	   12.000	3200	  26.365	 239.350	  66.486	  15.104	 135.861	  37.739	63	0	   0.457	   4.366	   1.213	  55.000	  75.000	   0.000	 230.000	 280.000
17:45:46:546	8,1312E+13	    9.209	   55.000	3300	  29.830	 242.498	  67.361	  18.235	 137.785	  38.273	61	0	   0.732	   4.443	   1.234	  55.000	  75.000	   0.000	 230.000	 280.000
17:45:46:646	8,13122E+13	    9.308	   29.000	3200	  33.320	 245.806	  68.279	  21.965	 139.965	  38.879	62	0	   0.658	   4.509	   1.252	  55.000	  75.000	   0.000	 230.000	 280.000
17:45:46:755	8,13125E+13	    9.417	   23.000	3200	  30.495	 249.130	  69.203	  19.064	 142.043	  39.456	61	0	   0.617	   4.576	   1.271	  55.000	  75.000	   0.000	 230.000	 280.000
17:45:46:879	8,13129E+13	    9.541	   23.000	3200	  30.712	 252.934	  70.259	  19.213	 144.423	  40.118	63	0	   0.625	   4.653	   1.293	  55.000	  75.000	   0.000	 230.000	 280.000
17:45:46:975	8,13131E+13	    9.636	   24.000	3200	  31.293	 255.931	  71.092	  20.088	 146.347	  40.652	67	0	   0.666	   4.717	   1.310	  55.000	  75.000	   0.000	 230.000	 280.000
17:45:47:085	8,13134E+13	    9.747	   24.000	3200	  31.700	 259.437	  72.066	  20.131	 148.574	  41.270	63	0	   0.668	   4.791	   1.331	  55.000	  75.000	   0.000	 230.000	 280.000
17:45:47:195	8,13137E+13	    9.856	   24.000	3200	  31.210	 262.839	  73.011	  19.748	 150.726	  41.868	66	0	   0.717	   4.869	   1.353	  55.000	  75.000	   0.000	 230.000	 280.000
17:45:47:317	8,13141E+13	    9.979	   25.000	3200	  31.475	 266.707	  74.085	  19.814	 153.161	  42.545	65	0	   1.195	   5.016	   1.393	  55.000	  75.000	   0.000	 230.000	 280.000
17:45:47:412	8,13143E+13	   10.073	   24.000	3200	  31.334	 269.657	  74.905	  19.939	 155.038	  43.066	66	0	   0.639	   5.076	   1.410	  55.000	  75.000	   0.000	 230.000	 280.000
17:45:47:534	8,13147E+13	   10.195	   33.000	3200	  31.960	 273.561	  75.989	  20.625	 157.557	  43.766	63	0	   0.689	   5.160	   1.433	  55.000	  75.000	   0.000	 230.000	 280.000
17:45:47:631	8,13149E+13	   10.293	   24.000	3200	  31.621	 276.650	  76.847	  19.922	 159.504	  44.307	65	0	   0.783	   5.237	   1.455	  55.000	  75.000	   0.000	 230.000	 280.000
17:45:47:743	8,13152E+13	   10.404	   25.000	3200	  31.782	 280.182	  77.828	  20.221	 161.751	  44.931	64	0	   1.074	   5.356	   1.488	  55.000	  75.000	   0.000	 230.000	 280.000
17:45:47:851	8,13155E+13	   10.512	   26.000	3200	  32.056	 283.654	  78.793	  20.614	 163.983	  45.551	65	0	   0.911	   5.455	   1.515	  55.000	  75.000	   0.000	 230.000	 280.000
17:45:47:963	8,13158E+13	   10.624	   24.000	3200	  31.369	 287.157	  79.766	  19.832	 166.198	  46.166	65	0	   0.662	   5.529	   1.536	  55.000	  75.000	   0.000	 230.000	 280.000
17:45:48:071	8,13161E+13	   10.732	   25.000	3200	  31.935	 290.615	  80.726	  20.567	 168.425	  46.785	71	0	   0.689	   5.604	   1.557	  55.000	  75.000	   0.000	 230.000	 280.000
17:45:48:181	8,13164E+13	   10.843	   25.000	3200	  31.476	 294.093	  81.692	  19.760	 170.609	  47.391	63	0	   0.926	   5.706	   1.585	  55.000	  75.000	   0.000	 230.000	 280.000
17:45:48:290	8,13167E+13	   10.952	   25.000	3200	  31.426	 297.525	  82.646	  19.894	 172.781	  47.995	66	0	   1.095	   5.825	   1.618	  55.000	  75.000	   0.000	 230.000	 280.000
17:45:48:400	8,1317E+13	   11.062	   15.000	3300	  27.171	 300.514	  83.476	  15.734	 174.512	  48.476	70	0	   0.576	   5.889	   1.636	  55.000	  75.000	   0.000	 230.000	 280.000
17:45:48:527	8,13173E+13	   11.190	   24.000	3400	  27.152	 303.978	  84.438	  15.695	 176.514	  49.032	62	0	   0.477	   5.950	   1.653	  55.000	  75.000	   0.000	 230.000	 280.000
17:45:48:617	8,13176E+13	   11.279	   26.000	3200	  30.340	 306.683	  85.190	  19.011	 178.209	  49.503	64	0	   0.528	   5.997	   1.666	  55.000	  75.000	   0.000	 230.000	 280.000
17:45:48:726	8,13179E+13	   11.387	   29.000	3200	  31.149	 310.059	  86.127	  19.854	 180.361	  50.100	63	0	   0.478	   6.049	   1.680	  55.000	  75.000	   0.000	 230.000	 280.000
17:45:48:836	8,13182E+13	   11.498	   15.000	3200	  27.519	 313.102	  86.973	  16.063	 182.137	  50.594	63	0	   0.484	   6.102	   1.695	  55.000	  75.000	   0.000	 230.000	 280.000
17:45:48:946	8,13185E+13	   11.608	   31.000	3200	  31.412	 316.556	  87.932	  20.040	 184.341	  51.206	62	0	   0.517	   6.159	   1.711	  55.000	  75.000	   0.000	 230.000	 280.000
17:45:49:056	8,13188E+13	   11.717	   20.000	3200	  28.999	 319.730	  88.814	  17.705	 186.279	  51.744	69	0	   0.492	   6.213	   1.726	  55.000	  75.000	   0.000	 230.000	 280.000
17:45:49:167	8,13191E+13	   11.828	   13.000	3200	  26.677	 322.694	  89.637	  15.305	 187.979	  52.216	70	0	   0.500	   6.268	   1.741	  55.000	  75.000	   0.000	 230.000	 280.000
17:45:49:276	8,13194E+13	   11.937	   30.000	3200	  32.167	 326.197	  90.610	  20.833	 190.248	  52.847	67	0	   0.488	   6.321	   1.756	  55.000	  75.000	   0.000	 230.000	 280.000
17:45:49:385	8,13197E+13	   12.046	   21.000	3200	  29.668	 329.426	  91.507	  18.233	 192.233	  53.398	69	0	   0.479	   6.374	   1.770	  55.000	  75.000	   0.000	 230.000	 280.000
17:45:49:492	8,132E+13	   12.153	   12.000	3200	  26.405	 332.254	  92.293	  15.045	 193.844	  53.846	65	0	   0.457	   6.423	   1.784	  55.000	  75.000	   0.000	 230.000	 280.000
17:45:49:600	8,13203E+13	   12.262	   19.000	3200	  27.917	 335.289	  93.136	  16.518	 195.640	  54.344	63	0	   0.491	   6.476	   1.799	  55.000	  75.000	   0.000	 230.000	 280.000
17:45:49:710	8,13206E+13	   12.372	   31.000	3200	  32.320	 338.844	  94.123	  20.934	 197.942	  54.984	61	0	   0.503	   6.531	   1.814	  55.000	  75.000	   0.000	 230.000	 280.000
17:45:49:818	8,13208E+13	   12.480	   19.000	3200	  28.349	 341.908	  94.974	  16.986	 199.778	  55.494	72	0	   0.478	   6.583	   1.829	  55.000	  75.000	   0.000	 230.000	 280.000
17:45:49:928	8,13211E+13	   12.590	   12.000	3200	  26.473	 344.813	  95.781	  15.049	 201.429	  55.953	63	0	   0.466	   6.634	   1.843	  55.000	  75.000	   0.000	 230.000	 280.000
17:45:50:040	8,13214E+13	   12.701	   17.000	3200	  27.873	 347.920	  96.644	  16.655	 203.286	  56.468	63	0	   0.494	   6.689	   1.858	  55.000	  75.000	   0.000	 230.000	 280.000
17:45:50:147	8,13217E+13	   12.809	   32.000	3200	  33.385	 351.512	  97.642	  21.869	 205.639	  57.122	63	0	   0.517	   6.745	   1.874	  55.000	  75.000	   0.000	 230.000	 280.000
17:45:50:257	8,1322E+13	   12.918	   17.000	3200	  27.649	 354.544	  98.485	  16.433	 207.441	  57.623	68	0	   0.490	   6.799	   1.889	  55.000	  75.000	   0.000	 230.000	 280.000
17:45:50:366	8,13223E+13	   13.028	   12.000	3200	  26.577	 357.453	  99.293	  15.091	 209.093	  58.081	70	0	   0.462	   6.849	   1.903	  55.000	  75.000	   0.000	 230.000	 280.000
17:45:50:478	8,13226E+13	   13.139	   12.000	3200	  26.362	 360.392	 100.109	  15.109	 210.777	  58.549	69	0	   0.459	   6.900	   1.917	  55.000	  75.000	   0.000	 230.000	 280.000
17:45:50:588	8,13229E+13	   13.250	   37.000	3200	  30.941	 363.816	 101.060	  19.488	 212.934	  59.148	62	0	   0.527	   6.959	   1.933	  55.000	  75.000	   0.000	 230.000	 280.000
17:45:50:697	8,13232E+13	   13.359	   27.000	3200	  31.357	 367.223	 102.006	  19.858	 215.092	  59.748	67	0	   0.488	   7.012	   1.948	  55.000	  75.000	   0.000	 230.000	 280.000
17:45:50:808	8,13235E+13	   13.469	   12.000	3200	  26.015	 370.096	 102.804	  14.754	 216.721	  60.200	70	0	   0.459	   7.062	   1.962	  55.000	  75.000	   0.000	 230.000	 280.000
17:45:50:919	8,13238E+13	   13.580	   12.000	3200	  26.233	 373.015	 103.615	  14.935	 218.383	  60.662	72	0	   0.459	   7.113	   1.976	  55.000	  75.000	   0.000	 230.000	 280.000
17:45:51:029	8,13241E+13	   13.690	   12.000	3200	  26.330	 375.903	 104.417	  14.892	 220.016	  61.116	69	0	   0.459	   7.164	   1.990	  55.000	  75.000	   0.000	 230.000	 280.000
17:45:51:139	8,13244E+13	   13.801	   20.000	3200	  28.279	 379.041	 105.289	  16.945	 221.897	  61.638	63	0	   0.478	   7.217	   2.005	  55.000	  75.000	   0.000	 230.000	 280.000
17:45:51:251	8,13247E+13	   13.912	   32.000	3200	  31.830	 382.582	 106.273	  20.479	 224.175	  62.271	62	0	   0.525	   7.275	   2.021	  55.000	  75.000	   0.000	 230.000	 280.000
17:45:51:361	8,1325E+13	   14.023	   13.000	3200	  26.369	 385.500	 107.083	  14.912	 225.825	  62.729	67	0	   0.462	   7.326	   2.035	  55.000	  75.000	   0.000	 230.000	 280.000
17:45:51:472	8,13253E+13	   14.134	   12.000	3200	  26.308	 388.423	 107.895	  14.991	 227.491	  63.192	71	0	   0.458	   7.377	   2.049	  55.000	  75.000	   0.000	 230.000	 280.000
17:45:51:582	8,13256E+13	   14.244	   20.000	3200	  27.236	 391.405	 108.724	  15.740	 229.214	  63.671	64	0	   0.484	   7.430	   2.064	  55.000	  75.000	   0.000	 230.000	 280.000
17:45:51:678	8,13259E+13	   14.339	   12.000	3200	  26.010	 393.892	 109.414	  14.798	 230.629	  64.063	70	0	   0.474	   7.475	   2.077	  55.000	  75.000	   0.000	 230.000	 280.000
17:45:51:787	8,13262E+13	   14.449	   17.000	3200	  27.700	 396.932	 110.259	  16.306	 232.419	  64.561	62	0	   0.476	   7.528	   2.091	  55.000	  75.000	   0.000	 230.000	 280.000
17:45:51:898	8,13265E+13	   14.559	   30.000	3200	  31.788	 400.439	 111.233	  20.494	 234.679	  65.189	60	0	   0.478	   7.580	   2.106	  55.000	  75.000	   0.000	 230.000	 280.000
17:45:52:008	8,13268E+13	   14.670	   17.000	3200	  27.640	 403.502	 112.084	  16.226	 236.478	  65.688	63	0	   0.475	   7.633	   2.120	  55.000	  75.000	   0.000	 230.000	 280.000
17:45:52:120	8,13271E+13	   14.781	   12.000	3200	  26.253	 406.423	 112.895	  14.940	 238.140	  66.150	66	0	   0.464	   7.685	   2.135	  55.000	  75.000	   0.000	 230.000	 280.000
17:45:52:232	8,13274E+13	   14.893	   12.000	3200	  26.527	 409.388	 113.719	  15.114	 239.829	  66.619	68	0	   0.482	   7.738	   2.150	  55.000	  75.000	   0.000	 230.000	 280.000
17:45:52:340	8,13277E+13	   15.002	   13.000	3200	  26.221	 412.245	 114.513	  14.847	 241.447	  67.069	63	0	   0.479	   7.791	   2.164	  55.000	  75.000	   0.000	 230.000	 280.000
17:45:52:450	8,1328E+13	   15.111	   14.000	3200	  26.568	 415.145	 115.318	  15.278	 243.114	  67.532	64	0	   0.470	   7.842	   2.178	  55.000	  75.000	   0.000	 230.000	 280.000
17:45:52:565	8,13283E+13	   15.227	   57.000	3200	  33.884	 419.086	 116.413	  22.640	 245.747	  68.263	60	0	   0.584	   7.910	   2.197	  55.000	  75.000	   0.000	 230.000	 280.000
17:45:52:669	8,13286E+13	   15.331	   18.000	3200	  28.286	 422.011	 117.225	  16.609	 247.465	  68.740	73	0	   0.521	   7.964	   2.212	  55.000	  75.000	   0.000	 230.000	 280.000
17:45:52:778	8,13289E+13	   15.440	   13.000	3200	  25.899	 424.830	 118.008	  14.479	 249.041	  69.178	68	0	   0.487	   8.017	   2.227	  55.000	  75.000	   0.000	 230.000	 280.000
17:45:52:888	8,13292E+13	   15.550	   12.000	3200	  25.781	 427.674	 118.798	  14.484	 250.639	  69.622	68	0	   0.479	   8.070	   2.242	  55.000	  75.000	   0.000	 230.000	 280.000
17:45:52:999	8,13295E+13	   15.660	   13.000	3200	  26.440	 430.585	 119.607	  15.098	 252.301	  70.084	69	0	   0.486	   8.123	   2.256	  55.000	  75.000	   0.000	 230.000	 280.000
17:45:53:107	8,13298E+13	   15.769	   12.000	3200	  26.540	 433.476	 120.410	  15.143	 253.950	  70.542	66	0	   0.477	   8.175	   2.271	  55.000	  75.000	   0.000	 230.000	 280.000
17:45:53:214	8,13301E+13	   15.876	   19.000	3200	  28.618	 436.529	 121.258	  17.161	 255.781	  71.050	63	0	   0.541	   8.233	   2.287	  55.000	  75.000	   0.000	 230.000	 280.000
17:45:53:324	8,13304E+13	   15.986	   30.000	3200	  32.371	 440.093	 122.248	  21.042	 258.098	  71.694	63	0	   0.495	   8.287	   2.302	  55.000	  75.000	   0.000	 230.000	 280.000
17:45:53:434	8,13307E+13	   16.096	   16.000	3200	  27.470	 443.118	 123.088	  16.103	 259.871	  72.186	65	0	   0.464	   8.339	   2.316	  55.000	  75.000	   0.000	 230.000	 280.000
17:45:53:567	8,1331E+13	   16.229	   39.000	3200	  32.171	 447.400	 124.278	  20.865	 262.648	  72.958	62	0	   0.507	   8.406	   2.335	  55.000	  75.000	   0.000	 230.000	 280.000
17:45:53:657	8,13313E+13	   16.319	   16.000	3200	  26.711	 449.798	 124.944	  15.213	 264.014	  73.337	67	0	   0.488	   8.450	   2.347	  55.000	  75.000	   0.000	 230.000	 280.000
17:45:53:766	8,13316E+13	   16.427	   12.000	3200	  26.132	 452.629	 125.730	  14.856	 265.624	  73.784	69	0	   0.469	   8.501	   2.361	  55.000	  75.000	   0.000	 230.000	 280.000
17:45:53:875	8,13318E+13	   16.537	   12.000	3200	  26.499	 455.539	 126.539	  15.090	 267.280	  74.245	70	0	   0.468	   8.552	   2.376	  55.000	  75.000	   0.000	 230.000	 280.000
17:45:53:988	8,13322E+13	   16.649	   12.000	3200	  26.135	 458.468	 127.352	  14.797	 268.939	  74.705	64	0	   0.459	   8.603	   2.390	  55.000	  75.000	   0.000	 230.000	 280.000
17:45:54:084	8,13324E+13	   16.745	   12.000	3200	  26.283	 460.994	 128.054	  14.957	 270.377	  75.105	64	0	   0.462	   8.648	   2.402	  55.000	  75.000	   0.000	 230.000	 280.000
17:45:54:193	8,13327E+13	   16.855	   13.000	3200	  25.938	 463.840	 128.845	  14.497	 271.967	  75.546	65	0	   0.492	   8.702	   2.417	  55.000	  75.000	   0.000	 230.000	 280.000
17:45:54:305	8,1333E+13	   16.966	   12.000	3200	  26.205	 466.764	 129.657	  14.961	 273.636	  76.010	66	0	   0.463	   8.753	   2.431	  55.000	  75.000	   0.000	 230.000	 280.000
17:45:54:413	8,13333E+13	   17.075	   12.000	3200	  26.262	 469.602	 130.445	  14.672	 275.222	  76.451	69	0	   0.472	   8.804	   2.446	  55.000	  75.000	   0.000	 230.000	 280.000
17:45:54:524	8,13336E+13	   17.185	   12.000	3300	  26.207	 472.504	 131.251	  15.010	 276.884	  76.912	72	0	   0.456	   8.855	   2.460	  55.000	  75.000	   0.000	 230.000	 280.000
17:45:54:634	8,13339E+13	   17.296	   15.000	3200	  27.160	 475.513	 132.087	  15.750	 278.629	  77.397	68	0	   0.490	   8.909	   2.475	  55.000	  75.000	   0.000	 230.000	 280.000
17:45:54:744	8,13342E+13	   17.406	   12.000	3200	  26.363	 478.408	 132.891	  14.948	 280.270	  77.853	67	0	   0.464	   8.960	   2.489	  55.000	  75.000	   0.000	 230.000	 280.000
17:45:54:855	8,13345E+13	   17.516	   12.000	3200	  26.445	 481.323	 133.701	  15.143	 281.940	  78.317	70	0	   0.466	   9.011	   2.503	  55.000	  75.000	   0.000	 230.000	 280.000
17:45:54:966	8,13348E+13	   17.627	   12.000	3300	  26.412	 484.257	 134.516	  15.088	 283.616	  78.782	68	0	   0.461	   9.063	   2.517	  55.000	  75.000	   0.000	 230.000	 280.000
17:45:55:076	8,13351E+13	   17.737	   12.000	3200	  26.730	 487.193	 135.331	  15.320	 285.299	  79.250	68	0	   0.456	   9.113	   2.531	  55.000	  75.000	   0.000	 230.000	 280.000
17:45:55:186	8,13354E+13	   17.847	   12.000	3200	  25.969	 490.059	 136.128	  14.694	 286.920	  79.700	71	0	   0.472	   9.165	   2.546	  55.000	  75.000	   0.000	 230.000	 280.000
17:45:55:295	8,13357E+13	   17.957	    8.000	3100	  21.201	 492.376	 136.771	   9.703	 287.980	  79.995	47	0	   0.528	   9.223	   2.562	  55.000	  75.000	   0.000	 230.000	 280.000
17:45:55:404	8,1336E+13	   18.065	    5.000	3100	  12.489	 493.734	 137.148	   1.253	 288.117	  80.032	45	0	   0.553	   9.283	   2.579	  55.000	  75.000	   0.000	 230.000	 280.000
17:45:55:512	8,13363E+13	   18.174	    3.000	800	  11.927	 495.027	 137.507	   0.594	 288.181	  80.050	43	0	   0.546	   9.342	   2.595	  55.000	  75.000	   0.000	 230.000	 280.000
17:45:55:620	8,13366E+13	   18.282	    5.000	1800	  14.666	 496.607	 137.946	   3.398	 288.547	  80.152	43	0	   0.547	   9.401	   2.611	  55.000	  75.000	   0.000	 230.000	 280.000
17:45:55:731	8,13369E+13	   18.393	    5.000	800	  11.550	 497.895	 138.304	   0.357	 288.587	  80.163	43	0	   0.543	   9.461	   2.628	  55.000	  75.000	   0.000	 230.000	 280.000
17:45:55:812	8,13371E+13	   18.474	    6.000	3400	  11.759	 498.843	 138.568	   0.543	 288.631	  80.175	43	0	   0.565	   9.507	   2.641	  55.000	  75.000	   0.000	 230.000	 280.000
																				
Total Elapsed Time (sec) = 18.473705											65,52662722									
Measured RDTSC Frequency (GHz) = 2.712																				
																				
Cumulative Processor Energy_0 (Joules) = 498.843262																				
Cumulative Processor Energy_0 (mWh) = 138.567573																				
Average Processor Power_0 (Watt) = 27.002881																				
																				
Cumulative IA Energy_0 (Joules) = 288.630981																				
Cumulative IA Energy_0 (mWh) = 80.175273																				
Average IA Power_0 (Watt) = 15.623882																				
																				
Cumulative DRAM Energy_0 (Joules) = 9.506897																				
Cumulative DRAM Energy_0 (mWh) = 2.640805																				
Average DRAM Power_0 (Watt) = 0.514618																				
