System Time	RDTSC	Elapsed Time (sec)	 CPU Utilization(%)	CPU Frequency_0(MHz)	Processor Power_0(Watt)	Cumulative Processor Energy_0(Joules)	Cumulative Processor Energy_0(mWh)	IA Power_0(Watt)	Cumulative IA Energy_0(Joules)	Cumulative IA Energy_0(mWh)	Package Temperature_0(C)	Package Hot_0	DRAM Power_0(Watt)	Cumulative DRAM Energy_0(Joules)	Cumulative DRAM Energy_0(mWh)	Package PL1_0(Watt)	Package PL2_0(Watt)	Package PL4_0(Watt)	Platform PsysPL1_0(Watt)	Platform PsysPL2_0(Watt)
17:46:03:443	8,13578E+13	    0.101	   14.000	3200	  25.714	   2.597	   0.721	  14.333	   1.448	   0.402	59	0	   0.525	   0.053	   0.015	  55.000	  75.000	   0.000	 230.000	 280.000
17:46:03:562	8,13581E+13	    0.220	   25.000	3600	  26.358	   5.724	   1.590	  14.859	   3.211	   0.892	62	0	   0.508	   0.113	   0.031	  55.000	  75.000	   0.000	 230.000	 280.000
17:46:03:665	8,13584E+13	    0.323	   12.000	3200	  25.698	   8.377	   2.327	  14.398	   4.697	   1.305	63	0	   0.487	   0.164	   0.045	  55.000	  75.000	   0.000	 230.000	 280.000
17:46:03:776	8,13587E+13	    0.434	   12.000	3200	  25.861	  11.245	   3.124	  14.466	   6.301	   1.750	68	0	   0.471	   0.216	   0.060	  55.000	  75.000	   0.000	 230.000	 280.000
17:46:03:884	8,1359E+13	    0.542	   13.000	3200	  26.220	  14.075	   3.910	  14.833	   7.902	   2.195	65	0	   0.488	   0.268	   0.075	  55.000	  75.000	   0.000	 230.000	 280.000
17:46:03:996	8,13593E+13	    0.653	   12.000	3200	  25.783	  16.955	   4.710	  14.591	   9.532	   2.648	71	0	   0.459	   0.320	   0.089	  55.000	  75.000	   0.000	 230.000	 280.000
17:46:04:108	8,13596E+13	    0.766	   12.000	3200	  25.908	  19.861	   5.517	  14.582	  11.167	   3.102	67	0	   0.457	   0.371	   0.103	  55.000	  75.000	   0.000	 230.000	 280.000
17:46:04:218	8,13599E+13	    0.876	   13.000	3200	  25.912	  22.717	   6.310	  14.363	  12.751	   3.542	74	0	   0.499	   0.426	   0.118	  55.000	  75.000	   0.000	 230.000	 280.000
17:46:04:329	8,13602E+13	    0.986	   12.000	3200	  26.118	  25.601	   7.111	  14.827	  14.388	   3.997	67	0	   0.500	   0.481	   0.134	  55.000	  75.000	   0.000	 230.000	 280.000
17:46:04:440	8,13605E+13	    1.098	   12.000	3200	  26.188	  28.522	   7.923	  14.724	  16.030	   4.453	75	0	   0.458	   0.532	   0.148	  55.000	  75.000	   0.000	 230.000	 280.000
17:46:04:571	8,13609E+13	    1.229	   25.000	3400	  26.537	  31.992	   8.887	  15.331	  18.035	   5.010	57	0	   0.476	   0.595	   0.165	  55.000	  75.000	   0.000	 230.000	 280.000
17:46:04:660	8,13611E+13	    1.318	   12.000	3300	  26.268	  34.341	   9.539	  14.711	  19.350	   5.375	75	0	   0.482	   0.638	   0.177	  55.000	  75.000	   0.000	 230.000	 280.000
17:46:04:770	8,13614E+13	    1.428	   12.000	3200	  26.161	  37.214	  10.337	  14.755	  20.971	   5.825	64	0	   0.461	   0.688	   0.191	  55.000	  75.000	   0.000	 230.000	 280.000
17:46:04:866	8,13617E+13	    1.524	   12.000	3200	  26.295	  39.736	  11.038	  14.909	  22.401	   6.222	67	0	   0.462	   0.733	   0.203	  55.000	  75.000	   0.000	 230.000	 280.000
17:46:04:976	8,1362E+13	    1.634	   12.000	3200	  25.996	  42.597	  11.833	  14.652	  24.013	   6.670	67	0	   0.459	   0.783	   0.218	  55.000	  75.000	   0.000	 230.000	 280.000
17:46:05:087	8,13623E+13	    1.745	   12.000	3200	  26.289	  45.521	  12.645	  14.969	  25.678	   7.133	69	0	   0.465	   0.835	   0.232	  55.000	  75.000	   0.000	 230.000	 280.000
17:46:05:198	8,13626E+13	    1.856	   12.000	3200	  26.309	  48.436	  13.454	  14.885	  27.327	   7.591	69	0	   0.479	   0.888	   0.247	  55.000	  75.000	   0.000	 230.000	 280.000
17:46:05:307	8,13629E+13	    1.965	   12.000	3200	  26.262	  51.298	  14.249	  14.909	  28.952	   8.042	69	0	   0.469	   0.939	   0.261	  55.000	  75.000	   0.000	 230.000	 280.000
17:46:05:418	8,13632E+13	    2.076	   12.000	3200	  26.363	  54.228	  15.063	  15.033	  30.623	   8.506	68	0	   0.456	   0.990	   0.275	  55.000	  75.000	   0.000	 230.000	 280.000
17:46:05:530	8,13635E+13	    2.187	   12.000	3200	  26.114	  57.141	  15.873	  14.891	  32.284	   8.968	68	0	   0.458	   1.041	   0.289	  55.000	  75.000	   0.000	 230.000	 280.000
17:46:05:642	8,13638E+13	    2.299	   15.000	3200	  26.942	  60.153	  16.709	  15.521	  34.019	   9.450	67	0	   0.491	   1.096	   0.304	  55.000	  75.000	   0.000	 230.000	 280.000
17:46:05:752	8,13641E+13	    2.410	   12.000	3200	  26.486	  63.082	  17.523	  15.028	  35.681	   9.911	69	0	   0.460	   1.147	   0.319	  55.000	  75.000	   0.000	 230.000	 280.000
17:46:05:862	8,13644E+13	    2.520	   13.000	3200	  26.638	  66.008	  18.336	  15.246	  37.356	  10.377	68	0	   0.471	   1.198	   0.333	  55.000	  75.000	   0.000	 230.000	 280.000
17:46:05:971	8,13647E+13	    2.629	   12.000	3200	  26.114	  68.860	  19.128	  14.808	  38.973	  10.826	67	0	   0.456	   1.248	   0.347	  55.000	  75.000	   0.000	 230.000	 280.000
17:46:06:081	8,1365E+13	    2.739	   12.000	3200	  25.972	  71.716	  19.921	  14.589	  40.577	  11.271	63	0	   0.463	   1.299	   0.361	  55.000	  75.000	   0.000	 230.000	 280.000
17:46:06:191	8,13653E+13	    2.849	   12.000	3200	  26.353	  74.617	  20.727	  15.017	  42.231	  11.731	70	0	   0.472	   1.351	   0.375	  55.000	  75.000	   0.000	 230.000	 280.000
17:46:06:300	8,13655E+13	    2.957	   12.000	3200	  26.098	  77.446	  21.513	  14.837	  43.839	  12.177	69	0	   0.476	   1.403	   0.390	  55.000	  75.000	   0.000	 230.000	 280.000
17:46:06:410	8,13658E+13	    3.068	   12.000	3200	  26.668	  80.400	  22.333	  15.254	  45.529	  12.647	66	0	   0.461	   1.454	   0.404	  55.000	  75.000	   0.000	 230.000	 280.000
17:46:06:505	8,13661E+13	    3.163	   12.000	3200	  26.405	  82.903	  23.029	  15.000	  46.950	  13.042	68	0	   0.457	   1.497	   0.416	  55.000	  75.000	   0.000	 230.000	 280.000
17:46:06:629	8,13664E+13	    3.287	   15.000	3200	  27.044	  86.256	  23.960	  15.664	  48.892	  13.581	66	0	   0.489	   1.558	   0.433	  55.000	  75.000	   0.000	 230.000	 280.000
17:46:06:724	8,13667E+13	    3.382	   12.000	3200	  26.336	  88.754	  24.654	  14.912	  50.307	  13.974	67	0	   0.470	   1.602	   0.445	  55.000	  75.000	   0.000	 230.000	 280.000
17:46:06:834	8,1367E+13	    3.492	   12.000	3200	  26.283	  91.644	  25.457	  14.923	  51.948	  14.430	69	0	   0.463	   1.653	   0.459	  55.000	  75.000	   0.000	 230.000	 280.000
17:46:06:944	8,13673E+13	    3.601	   12.000	3200	  26.256	  94.524	  26.257	  15.069	  53.601	  14.889	68	0	   0.457	   1.703	   0.473	  55.000	  75.000	   0.000	 230.000	 280.000
17:46:07:055	8,13676E+13	    3.713	   12.000	3200	  26.035	  97.419	  27.061	  14.717	  55.237	  15.344	66	0	   0.452	   1.754	   0.487	  55.000	  75.000	   0.000	 230.000	 280.000
17:46:07:165	8,13679E+13	    3.823	   12.000	3200	  25.600	 100.235	  27.843	  14.238	  56.803	  15.779	70	0	   0.472	   1.805	   0.502	  55.000	  75.000	   0.000	 230.000	 280.000
17:46:07:276	8,13682E+13	    3.933	   12.000	3200	  26.149	 103.132	  28.648	  14.733	  58.436	  16.232	63	0	   0.468	   1.857	   0.516	  55.000	  75.000	   0.000	 230.000	 280.000
17:46:07:384	8,13685E+13	    4.041	   12.000	3200	  25.688	 105.904	  29.418	  14.294	  59.978	  16.661	66	0	   0.459	   1.907	   0.530	  55.000	  75.000	   0.000	 230.000	 280.000
17:46:07:493	8,13688E+13	    4.150	   12.000	3200	  25.917	 108.729	  30.203	  14.562	  61.565	  17.102	61	0	   0.458	   1.957	   0.544	  55.000	  75.000	   0.000	 230.000	 280.000
17:46:07:602	8,13691E+13	    4.259	   17.000	3200	  26.793	 111.643	  31.012	  15.376	  63.237	  17.566	64	0	   0.482	   2.009	   0.558	  55.000	  75.000	   0.000	 230.000	 280.000
17:46:07:710	8,13694E+13	    4.368	   12.000	3200	  25.758	 114.444	  31.790	  14.332	  64.796	  17.999	64	0	   0.466	   2.060	   0.572	  55.000	  75.000	   0.000	 230.000	 280.000
17:46:07:819	8,13697E+13	    4.477	   12.000	3200	  26.330	 117.317	  32.588	  14.998	  66.433	  18.453	70	0	   0.461	   2.110	   0.586	  55.000	  75.000	   0.000	 230.000	 280.000
17:46:07:943	8,137E+13	    4.600	   12.000	3200	  26.134	 120.538	  33.483	  14.831	  68.261	  18.961	68	0	   0.461	   2.167	   0.602	  55.000	  75.000	   0.000	 230.000	 280.000
17:46:08:038	8,13703E+13	    4.695	   12.000	3200	  26.020	 123.011	  34.170	  14.672	  69.655	  19.349	65	0	   0.463	   2.211	   0.614	  55.000	  75.000	   0.000	 230.000	 280.000
17:46:08:161	8,13706E+13	    4.818	   12.000	3200	  25.939	 126.201	  35.056	  14.554	  71.445	  19.846	65	0	   0.475	   2.269	   0.630	  55.000	  75.000	   0.000	 230.000	 280.000
17:46:08:257	8,13709E+13	    4.914	   12.000	3200	  26.114	 128.702	  35.751	  14.699	  72.853	  20.237	72	0	   0.462	   2.314	   0.643	  55.000	  75.000	   0.000	 230.000	 280.000
17:46:08:366	8,13711E+13	    5.024	   12.000	3200	  26.195	 131.580	  36.550	  14.795	  74.478	  20.688	69	0	   0.468	   2.365	   0.657	  55.000	  75.000	   0.000	 230.000	 280.000
17:46:08:476	8,13714E+13	    5.134	   12.000	3200	  26.069	 134.453	  37.348	  14.768	  76.105	  21.140	73	0	   0.456	   2.415	   0.671	  55.000	  75.000	   0.000	 230.000	 280.000
17:46:08:587	8,13717E+13	    5.245	   20.000	3200	  26.989	 137.446	  38.180	  15.603	  77.836	  21.621	64	0	   0.474	   2.468	   0.686	  55.000	  75.000	   0.000	 230.000	 280.000
17:46:08:698	8,1372E+13	    5.355	   12.000	3200	  25.645	 140.273	  38.965	  14.343	  79.417	  22.060	68	0	   0.459	   2.519	   0.700	  55.000	  75.000	   0.000	 230.000	 280.000
17:46:08:808	8,13723E+13	    5.466	   12.000	3200	  26.111	 143.165	  39.768	  14.707	  81.046	  22.513	68	0	   0.457	   2.569	   0.714	  55.000	  75.000	   0.000	 230.000	 280.000
17:46:08:918	8,13726E+13	    5.576	   12.000	3200	  26.206	 146.048	  40.569	  14.835	  82.678	  22.966	68	0	   0.458	   2.620	   0.728	  55.000	  75.000	   0.000	 230.000	 280.000
17:46:09:030	8,13729E+13	    5.688	   12.000	3200	  26.039	 148.963	  41.378	  14.666	  84.320	  23.422	63	0	   0.454	   2.670	   0.742	  55.000	  75.000	   0.000	 230.000	 280.000
17:46:09:138	8,13732E+13	    5.796	   12.000	3200	  26.337	 151.809	  42.169	  15.000	  85.941	  23.872	66	0	   0.466	   2.721	   0.756	  55.000	  75.000	   0.000	 230.000	 280.000
17:46:09:250	8,13735E+13	    5.907	   12.000	3200	  26.327	 154.736	  42.982	  14.999	  87.608	  24.336	65	0	   0.473	   2.773	   0.770	  55.000	  75.000	   0.000	 230.000	 280.000
17:46:09:360	8,13738E+13	    6.018	   12.000	3200	  25.749	 157.592	  43.775	  14.370	  89.202	  24.778	66	0	   0.463	   2.825	   0.785	  55.000	  75.000	   0.000	 230.000	 280.000
17:46:09:472	8,13741E+13	    6.130	   12.000	3200	  26.331	 160.538	  44.594	  14.945	  90.874	  25.243	70	0	   0.455	   2.876	   0.799	  55.000	  75.000	   0.000	 230.000	 280.000
17:46:09:585	8,13745E+13	    6.243	   24.000	3300	  27.052	 163.599	  45.444	  15.749	  92.656	  25.738	59	0	   0.470	   2.929	   0.814	  55.000	  75.000	   0.000	 230.000	 280.000
17:46:09:678	8,13747E+13	    6.335	   12.000	3200	  26.266	 166.016	  46.116	  14.874	  94.025	  26.118	66	0	   0.477	   2.973	   0.826	  55.000	  75.000	   0.000	 230.000	 280.000
17:46:09:790	8,1375E+13	    6.447	   12.000	3200	  26.244	 168.956	  46.932	  14.892	  95.693	  26.582	63	0	   0.458	   3.024	   0.840	  55.000	  75.000	   0.000	 230.000	 280.000
17:46:09:900	8,13753E+13	    6.558	   12.000	3200	  26.379	 171.876	  47.743	  14.930	  97.346	  27.041	70	0	   0.458	   3.075	   0.854	  55.000	  75.000	   0.000	 230.000	 280.000
17:46:10:012	8,13756E+13	    6.669	   12.000	3200	  26.306	 174.813	  48.559	  15.088	  99.030	  27.508	70	0	   0.481	   3.128	   0.869	  55.000	  75.000	   0.000	 230.000	 280.000
17:46:10:123	8,13759E+13	    6.781	   12.000	3200	  26.435	 177.762	  49.378	  14.983	 100.702	  27.973	70	0	   0.457	   3.179	   0.883	  55.000	  75.000	   0.000	 230.000	 280.000
17:46:10:233	8,13762E+13	    6.890	   12.000	3200	  26.519	 180.659	  50.183	  15.204	 102.363	  28.434	63	0	   0.472	   3.231	   0.897	  55.000	  75.000	   0.000	 230.000	 280.000
17:46:10:343	8,13765E+13	    7.000	   12.000	3300	  26.296	 183.555	  50.987	  14.961	 104.010	  28.892	64	0	   0.464	   3.282	   0.912	  55.000	  75.000	   0.000	 230.000	 280.000
17:46:10:454	8,13768E+13	    7.111	   12.000	3200	  26.272	 186.463	  51.795	  14.835	 105.653	  29.348	69	0	   0.457	   3.332	   0.926	  55.000	  75.000	   0.000	 230.000	 280.000
17:46:10:582	8,13772E+13	    7.240	   24.000	3400	  27.020	 189.956	  52.766	  15.745	 107.688	  29.913	65	0	   0.472	   3.393	   0.943	  55.000	  75.000	   0.000	 230.000	 280.000
17:46:10:673	8,13774E+13	    7.331	   12.000	3200	  26.213	 192.331	  53.425	  14.685	 109.019	  30.283	66	0	   0.480	   3.437	   0.955	  55.000	  75.000	   0.000	 230.000	 280.000
17:46:10:784	8,13777E+13	    7.442	   12.000	3200	  26.326	 195.253	  54.237	  14.947	 110.678	  30.744	68	0	   0.470	   3.489	   0.969	  55.000	  75.000	   0.000	 230.000	 280.000
17:46:10:893	8,1378E+13	    7.551	   12.000	3200	  26.412	 198.128	  55.036	  15.010	 112.311	  31.198	63	0	   0.464	   3.540	   0.983	  55.000	  75.000	   0.000	 230.000	 280.000
17:46:11:005	8,13783E+13	    7.662	   12.000	3200	  26.122	 201.040	  55.845	  14.887	 113.971	  31.659	68	0	   0.456	   3.590	   0.997	  55.000	  75.000	   0.000	 230.000	 280.000
17:46:11:100	8,13786E+13	    7.757	   12.000	3200	  26.458	 203.549	  56.541	  15.034	 115.396	  32.055	70	0	   0.458	   3.634	   1.009	  55.000	  75.000	   0.000	 230.000	 280.000
17:46:11:223	8,13789E+13	    7.880	   12.000	3300	  26.468	 206.811	  57.448	  15.148	 117.264	  32.573	65	0	   0.482	   3.693	   1.026	  55.000	  75.000	   0.000	 230.000	 280.000
17:46:11:331	8,13792E+13	    7.989	   12.000	3200	  26.186	 209.651	  58.237	  14.693	 118.857	  33.016	66	0	   0.480	   3.745	   1.040	  55.000	  75.000	   0.000	 230.000	 280.000
17:46:11:441	8,13795E+13	    8.099	   12.000	3200	  26.281	 212.545	  59.040	  14.938	 120.502	  33.473	69	0	   0.460	   3.796	   1.054	  55.000	  75.000	   0.000	 230.000	 280.000
17:46:11:550	8,13798E+13	    8.207	   12.000	3200	  26.005	 215.359	  59.822	  14.696	 122.092	  33.915	71	0	   0.459	   3.846	   1.068	  55.000	  75.000	   0.000	 230.000	 280.000
17:46:11:660	8,13801E+13	    8.318	   14.000	3200	  26.820	 218.332	  60.648	  15.426	 123.802	  34.390	67	0	   0.486	   3.899	   1.083	  55.000	  75.000	   0.000	 230.000	 280.000
17:46:11:755	8,13803E+13	    8.413	   12.000	3200	  26.021	 220.803	  61.334	  14.646	 125.193	  34.776	62	0	   0.464	   3.944	   1.095	  55.000	  75.000	   0.000	 230.000	 280.000
17:46:11:866	8,13806E+13	    8.523	   12.000	3200	  26.145	 223.683	  62.134	  14.823	 126.826	  35.229	67	0	   0.454	   3.994	   1.109	  55.000	  75.000	   0.000	 230.000	 280.000
17:46:11:975	8,13809E+13	    8.633	   12.000	3200	  26.371	 226.580	  62.939	  14.976	 128.471	  35.686	68	0	   0.455	   4.044	   1.123	  55.000	  75.000	   0.000	 230.000	 280.000
17:46:12:086	8,13812E+13	    8.743	   12.000	3200	  26.270	 229.475	  63.743	  14.950	 130.118	  36.144	67	0	   0.453	   4.094	   1.137	  55.000	  75.000	   0.000	 230.000	 280.000
17:46:12:197	8,13815E+13	    8.854	   14.000	3200	  26.407	 232.411	  64.559	  15.089	 131.796	  36.610	63	0	   0.493	   4.148	   1.152	  55.000	  75.000	   0.000	 230.000	 280.000
17:46:12:307	8,13818E+13	    8.964	   12.000	3200	  25.950	 235.266	  65.352	  14.562	 133.398	  37.055	68	0	   0.493	   4.203	   1.167	  55.000	  75.000	   0.000	 230.000	 280.000
17:46:12:418	8,13821E+13	    9.075	   12.000	3200	  26.167	 238.163	  66.156	  14.727	 135.029	  37.508	66	0	   0.465	   4.254	   1.182	  55.000	  75.000	   0.000	 230.000	 280.000
17:46:12:528	8,13824E+13	    9.185	   12.000	3200	  25.905	 241.021	  66.950	  14.623	 136.642	  37.956	63	0	   0.462	   4.305	   1.196	  55.000	  75.000	   0.000	 230.000	 280.000
17:46:12:638	8,13827E+13	    9.295	   15.000	3300	  26.688	 243.958	  67.766	  15.338	 138.330	  38.425	68	0	   0.489	   4.359	   1.211	  55.000	  75.000	   0.000	 230.000	 280.000
17:46:12:750	8,1383E+13	    9.408	   12.000	3200	  26.149	 246.889	  68.580	  14.801	 139.989	  38.886	63	0	   0.460	   4.410	   1.225	  55.000	  75.000	   0.000	 230.000	 280.000
17:46:12:861	8,13833E+13	    9.519	   12.000	3200	  26.431	 249.833	  69.398	  14.929	 141.651	  39.348	70	0	   0.459	   4.461	   1.239	  55.000	  75.000	   0.000	 230.000	 280.000
17:46:12:972	8,13836E+13	    9.629	   13.000	3200	  26.035	 252.710	  70.197	  14.782	 143.285	  39.801	68	0	   0.474	   4.514	   1.254	  55.000	  75.000	   0.000	 230.000	 280.000
17:46:13:081	8,13839E+13	    9.739	   13.000	3200	  26.662	 255.630	  71.008	  15.168	 144.946	  40.263	64	0	   0.523	   4.571	   1.270	  55.000	  75.000	   0.000	 230.000	 280.000
17:46:13:189	8,13842E+13	    9.847	   12.000	3200	  26.346	 258.476	  71.799	  14.983	 146.565	  40.712	68	0	   0.484	   4.624	   1.284	  55.000	  75.000	   0.000	 230.000	 280.000
17:46:13:297	8,13845E+13	    9.955	   12.000	3200	  26.226	 261.309	  72.586	  14.859	 148.170	  41.158	67	0	   0.472	   4.675	   1.298	  55.000	  75.000	   0.000	 230.000	 280.000
17:46:13:408	8,13848E+13	   10.065	   12.000	3200	  26.002	 264.176	  73.382	  14.701	 149.791	  41.608	72	0	   0.466	   4.726	   1.313	  55.000	  75.000	   0.000	 230.000	 280.000
17:46:13:518	8,13851E+13	   10.176	   12.000	3200	  26.010	 267.058	  74.183	  14.604	 151.409	  42.058	74	0	   0.457	   4.777	   1.327	  55.000	  75.000	   0.000	 230.000	 280.000
17:46:13:626	8,13854E+13	   10.283	   18.000	3200	  26.803	 269.925	  74.979	  15.442	 153.061	  42.517	64	0	   0.480	   4.828	   1.341	  55.000	  75.000	   0.000	 230.000	 280.000
17:46:13:734	8,13857E+13	   10.392	   12.000	3200	  26.401	 272.798	  75.777	  14.988	 154.691	  42.970	68	0	   0.468	   4.879	   1.355	  55.000	  75.000	   0.000	 230.000	 280.000
17:46:13:844	8,1386E+13	   10.502	   12.000	3200	  26.278	 275.694	  76.582	  14.962	 156.341	  43.428	68	0	   0.460	   4.930	   1.369	  55.000	  75.000	   0.000	 230.000	 280.000
17:46:13:956	8,13863E+13	   10.613	   12.000	3200	  26.355	 278.623	  77.395	  15.029	 158.011	  43.892	69	0	   0.455	   4.980	   1.383	  55.000	  75.000	   0.000	 230.000	 280.000
17:46:14:064	8,13866E+13	   10.722	   12.000	3200	  26.314	 281.487	  78.191	  14.919	 159.634	  44.343	63	0	   0.456	   5.030	   1.397	  55.000	  75.000	   0.000	 230.000	 280.000
17:46:14:173	8,13869E+13	   10.831	   12.000	3200	  26.366	 284.360	  78.989	  14.994	 161.268	  44.797	70	0	   0.469	   5.081	   1.411	  55.000	  75.000	   0.000	 230.000	 280.000
17:46:14:281	8,13872E+13	   10.939	   12.000	3200	  26.395	 287.206	  79.780	  14.990	 162.885	  45.246	68	0	   0.468	   5.131	   1.425	  55.000	  75.000	   0.000	 230.000	 280.000
17:46:14:391	8,13875E+13	   11.048	   12.000	3300	  26.256	 290.076	  80.577	  14.969	 164.521	  45.700	68	0	   0.460	   5.182	   1.439	  55.000	  75.000	   0.000	 230.000	 280.000
17:46:14:503	8,13878E+13	   11.160	   13.000	3200	  26.100	 292.999	  81.389	  14.711	 166.168	  46.158	67	0	   0.500	   5.238	   1.455	  55.000	  75.000	   0.000	 230.000	 280.000
17:46:14:612	8,13881E+13	   11.270	   20.000	3200	  27.494	 296.017	  82.227	  16.062	 167.931	  46.648	65	0	   0.492	   5.292	   1.470	  55.000	  75.000	   0.000	 230.000	 280.000
17:46:14:722	8,13884E+13	   11.380	   12.000	3200	  25.962	 298.875	  83.021	  14.629	 169.542	  47.095	65	0	   0.469	   5.343	   1.484	  55.000	  75.000	   0.000	 230.000	 280.000
17:46:14:832	8,13887E+13	   11.490	   12.000	3200	  25.068	 301.632	  83.787	  13.682	 171.046	  47.513	66	0	   0.467	   5.395	   1.498	  55.000	  75.000	   0.000	 230.000	 280.000
17:46:14:942	8,1389E+13	   11.600	   14.000	3200	  25.948	 304.487	  84.580	  14.582	 172.651	  47.958	66	0	   0.508	   5.450	   1.514	  55.000	  75.000	   0.000	 230.000	 280.000
17:46:15:038	8,13892E+13	   11.696	   12.000	3200	  26.369	 307.013	  85.281	  14.933	 174.081	  48.356	71	0	   0.456	   5.494	   1.526	  55.000	  75.000	   0.000	 230.000	 280.000
17:46:15:149	8,13895E+13	   11.806	   13.000	3200	  26.522	 309.940	  86.094	  15.225	 175.762	  48.823	68	0	   0.489	   5.548	   1.541	  55.000	  75.000	   0.000	 230.000	 280.000
17:46:15:259	8,13898E+13	   11.916	   12.000	3200	  25.902	 312.789	  86.886	  14.508	 177.357	  49.266	63	0	   0.487	   5.602	   1.556	  55.000	  75.000	   0.000	 230.000	 280.000
17:46:15:370	8,13901E+13	   12.027	   12.000	3200	  25.786	 315.658	  87.683	  14.507	 178.972	  49.714	67	0	   0.469	   5.654	   1.571	  55.000	  75.000	   0.000	 230.000	 280.000
17:46:15:481	8,13904E+13	   12.138	   12.000	3200	  26.295	 318.575	  88.493	  14.907	 180.625	  50.174	69	0	   0.460	   5.705	   1.585	  55.000	  75.000	   0.000	 230.000	 280.000
17:46:15:594	8,13908E+13	   12.253	   24.000	3400	  27.443	 321.718	  89.366	  15.956	 182.452	  50.681	65	0	   0.483	   5.760	   1.600	  55.000	  75.000	   0.000	 230.000	 280.000
17:46:15:702	8,1391E+13	   12.360	   12.000	3200	  26.103	 324.513	  90.142	  14.758	 184.033	  51.120	69	0	   0.463	   5.810	   1.614	  55.000	  75.000	   0.000	 230.000	 280.000
17:46:15:813	8,13913E+13	   12.471	   12.000	3200	  26.312	 327.427	  90.952	  14.900	 185.683	  51.579	69	0	   0.458	   5.860	   1.628	  55.000	  75.000	   0.000	 230.000	 280.000
17:46:15:923	8,13916E+13	   12.580	   13.000	3200	  26.125	 330.294	  91.748	  14.934	 187.322	  52.034	67	0	   0.479	   5.913	   1.643	  55.000	  75.000	   0.000	 230.000	 280.000
17:46:16:035	8,13919E+13	   12.692	   13.000	3200	  26.248	 333.227	  92.563	  14.810	 188.977	  52.494	68	0	   0.492	   5.968	   1.658	  55.000	  75.000	   0.000	 230.000	 280.000
17:46:16:130	8,13922E+13	   12.788	   13.000	3200	  26.421	 335.757	  93.266	  15.013	 190.414	  52.893	68	0	   0.461	   6.012	   1.670	  55.000	  75.000	   0.000	 230.000	 280.000
17:46:16:255	8,13925E+13	   12.913	   12.000	3200	  26.460	 339.065	  94.185	  15.100	 192.302	  53.417	70	0	   0.470	   6.071	   1.686	  55.000	  75.000	   0.000	 230.000	 280.000
17:46:16:368	8,13928E+13	   13.025	   12.000	3200	  25.961	 341.984	  94.996	  14.683	 193.953	  53.876	67	0	   0.464	   6.123	   1.701	  55.000	  75.000	   0.000	 230.000	 280.000
17:46:16:480	8,13932E+13	   13.137	   12.000	3200	  26.082	 344.897	  95.805	  14.667	 195.591	  54.331	68	0	   0.458	   6.174	   1.715	  55.000	  75.000	   0.000	 230.000	 280.000
17:46:16:592	8,13935E+13	   13.250	   24.000	3400	  27.478	 347.998	  96.666	  16.071	 197.405	  54.835	65	0	   0.479	   6.228	   1.730	  55.000	  75.000	   0.000	 230.000	 280.000
17:46:16:699	8,13937E+13	   13.357	   12.000	3200	  26.256	 350.805	  97.446	  14.868	 198.994	  55.276	69	0	   0.474	   6.279	   1.744	  55.000	  75.000	   0.000	 230.000	 280.000
17:46:16:810	8,1394E+13	   13.468	   12.000	3200	  26.401	 353.743	  98.262	  15.093	 200.674	  55.743	70	0	   0.459	   6.330	   1.758	  55.000	  75.000	   0.000	 230.000	 280.000
17:46:16:921	8,13944E+13	   13.579	   12.000	3200	  26.529	 356.684	  99.079	  15.133	 202.352	  56.209	65	0	   0.465	   6.382	   1.773	  55.000	  75.000	   0.000	 230.000	 280.000
17:46:17:032	8,13947E+13	   13.690	   12.000	3200	  26.304	 359.600	  99.889	  14.905	 204.004	  56.668	68	0	   0.461	   6.433	   1.787	  55.000	  75.000	   0.000	 230.000	 280.000
17:46:17:143	8,13949E+13	   13.800	   12.000	3200	  26.351	 362.505	 100.696	  15.061	 205.665	  57.129	68	0	   0.467	   6.484	   1.801	  55.000	  75.000	   0.000	 230.000	 280.000
17:46:17:253	8,13952E+13	   13.910	   12.000	3200	  26.300	 365.401	 101.500	  14.952	 207.311	  57.586	61	0	   0.465	   6.535	   1.815	  55.000	  75.000	   0.000	 230.000	 280.000
17:46:17:364	8,13956E+13	   14.022	   13.000	3200	  26.599	 368.375	 102.326	  15.177	 209.008	  58.058	66	0	   0.483	   6.589	   1.830	  55.000	  75.000	   0.000	 230.000	 280.000
17:46:17:459	8,13958E+13	   14.116	   12.000	3200	  25.634	 370.794	 102.998	  14.365	 210.363	  58.434	70	0	   0.465	   6.633	   1.843	  55.000	  75.000	   0.000	 230.000	 280.000
17:46:17:590	8,13962E+13	   14.248	   24.000	3400	  27.355	 374.388	 103.997	  15.853	 212.446	  59.013	59	0	   0.480	   6.696	   1.860	  55.000	  75.000	   0.000	 230.000	 280.000
17:46:17:680	8,13964E+13	   14.338	   12.000	3200	  25.941	 376.731	 104.648	  14.693	 213.773	  59.381	69	0	   0.470	   6.739	   1.872	  55.000	  75.000	   0.000	 230.000	 280.000
17:46:17:791	8,13967E+13	   14.448	   12.000	3200	  26.121	 379.614	 105.448	  14.844	 215.411	  59.836	63	0	   0.455	   6.789	   1.886	  55.000	  75.000	   0.000	 230.000	 280.000
17:46:17:903	8,1397E+13	   14.560	   12.000	3200	  26.180	 382.539	 106.261	  14.741	 217.058	  60.294	62	0	   0.464	   6.841	   1.900	  55.000	  75.000	   0.000	 230.000	 280.000
17:46:18:010	8,13973E+13	   14.668	   12.000	3200	  26.440	 385.388	 107.052	  15.035	 218.679	  60.744	68	0	   0.463	   6.891	   1.914	  55.000	  75.000	   0.000	 230.000	 280.000
17:46:18:122	8,13976E+13	   14.780	   12.000	3200	  26.352	 388.330	 107.870	  15.146	 220.370	  61.214	68	0	   0.460	   6.942	   1.928	  55.000	  75.000	   0.000	 230.000	 280.000
17:46:18:232	8,13979E+13	   14.890	   12.000	3200	  26.218	 391.216	 108.671	  14.631	 221.980	  61.661	65	0	   0.479	   6.995	   1.943	  55.000	  75.000	   0.000	 230.000	 280.000
17:46:18:342	8,13982E+13	   15.000	   12.000	3200	  25.913	 394.077	 109.466	  14.643	 223.597	  62.110	61	0	   0.469	   7.047	   1.957	  55.000	  75.000	   0.000	 230.000	 280.000
17:46:18:454	8,13985E+13	   15.111	   12.000	3200	  26.257	 396.997	 110.277	  14.937	 225.258	  62.572	69	0	   0.463	   7.098	   1.972	  55.000	  75.000	   0.000	 230.000	 280.000
17:46:18:566	8,13988E+13	   15.223	   12.000	3200	  26.148	 399.926	 111.091	  14.779	 226.913	  63.031	68	0	   0.458	   7.149	   1.986	  55.000	  75.000	   0.000	 230.000	 280.000
17:46:18:677	8,13991E+13	   15.334	   14.000	3200	  27.198	 402.950	 111.930	  15.878	 228.678	  63.522	73	0	   0.501	   7.205	   2.001	  55.000	  75.000	   0.000	 230.000	 280.000
17:46:18:772	8,13994E+13	   15.429	   12.000	3200	  25.802	 405.397	 112.610	  14.380	 230.042	  63.901	63	0	   0.458	   7.249	   2.013	  55.000	  75.000	   0.000	 230.000	 280.000
17:46:18:883	8,13997E+13	   15.540	   12.000	3200	  26.284	 408.315	 113.421	  14.940	 231.701	  64.361	68	0	   0.459	   7.299	   2.028	  55.000	  75.000	   0.000	 230.000	 280.000
17:46:18:994	8,14E+13	   15.651	   12.000	3200	  26.449	 411.255	 114.238	  15.125	 233.382	  64.828	68	0	   0.463	   7.351	   2.042	  55.000	  75.000	   0.000	 230.000	 280.000
17:46:19:105	8,14003E+13	   15.763	   12.000	3200	  26.547	 414.208	 115.058	  15.002	 235.051	  65.292	70	0	   0.458	   7.402	   2.056	  55.000	  75.000	   0.000	 230.000	 280.000
17:46:19:216	8,14006E+13	   15.873	   12.000	3200	  26.072	 417.096	 115.860	  14.896	 236.701	  65.750	69	0	   0.471	   7.454	   2.071	  55.000	  75.000	   0.000	 230.000	 280.000
17:46:19:325	8,14009E+13	   15.982	   12.000	3200	  26.413	 419.973	 116.659	  15.043	 238.340	  66.205	65	0	   0.458	   7.504	   2.084	  55.000	  75.000	   0.000	 230.000	 280.000
17:46:19:435	8,14012E+13	   16.092	   12.000	3200	  26.291	 422.860	 117.461	  14.870	 239.972	  66.659	67	0	   0.469	   7.555	   2.099	  55.000	  75.000	   0.000	 230.000	 280.000
17:46:19:547	8,14015E+13	   16.204	   12.000	3200	  26.292	 425.804	 118.279	  14.915	 241.642	  67.123	70	0	   0.453	   7.606	   2.113	  55.000	  75.000	   0.000	 230.000	 280.000
17:46:19:656	8,14018E+13	   16.314	   16.000	3200	  27.425	 428.816	 119.115	  16.029	 243.403	  67.612	67	0	   0.490	   7.660	   2.128	  55.000	  75.000	   0.000	 230.000	 280.000
17:46:19:766	8,14021E+13	   16.424	   12.000	3200	  26.326	 431.708	 119.919	  14.920	 245.042	  68.067	69	0	   0.461	   7.711	   2.142	  55.000	  75.000	   0.000	 230.000	 280.000
17:46:19:876	8,14024E+13	   16.534	   12.000	3200	  26.189	 434.591	 120.720	  14.852	 246.677	  68.521	63	0	   0.458	   7.761	   2.156	  55.000	  75.000	   0.000	 230.000	 280.000
17:46:19:986	8,14027E+13	   16.644	   12.000	3200	  26.247	 437.482	 121.523	  14.910	 248.319	  68.978	66	0	   0.484	   7.814	   2.171	  55.000	  75.000	   0.000	 230.000	 280.000
17:46:20:098	8,1403E+13	   16.756	   12.000	3200	  26.268	 440.418	 122.338	  14.848	 249.979	  69.439	66	0	   0.459	   7.866	   2.185	  55.000	  75.000	   0.000	 230.000	 280.000
17:46:20:208	8,14033E+13	   16.866	   12.000	3200	  26.340	 443.317	 123.143	  14.992	 251.629	  69.897	66	0	   0.473	   7.918	   2.199	  55.000	  75.000	   0.000	 230.000	 280.000
17:46:20:303	8,14035E+13	   16.961	   12.000	3200	  26.206	 445.799	 123.833	  15.033	 253.053	  70.292	68	0	   0.459	   7.961	   2.211	  55.000	  75.000	   0.000	 230.000	 280.000
17:46:20:413	8,14038E+13	   17.071	   12.000	3200	  26.642	 448.742	 124.651	  15.152	 254.726	  70.757	69	0	   0.483	   8.014	   2.226	  55.000	  75.000	   0.000	 230.000	 280.000
17:46:20:525	8,14041E+13	   17.182	   12.000	3200	  26.487	 451.681	 125.467	  15.112	 256.403	  71.223	64	0	   0.465	   8.066	   2.241	  55.000	  75.000	   0.000	 230.000	 280.000
17:46:20:635	8,14044E+13	   17.292	   18.000	3200	  26.503	 454.604	 126.279	  15.199	 258.080	  71.689	64	0	   0.508	   8.122	   2.256	  55.000	  75.000	   0.000	 230.000	 280.000
17:46:20:745	8,14047E+13	   17.402	   11.000	3200	  25.516	 457.411	 127.059	  14.039	 259.624	  72.118	51	0	   0.477	   8.175	   2.271	  55.000	  75.000	   0.000	 230.000	 280.000
17:46:20:853	8,1405E+13	   17.511	    3.000	800	  12.629	 458.778	 127.438	   1.468	 259.783	  72.162	44	0	   0.554	   8.234	   2.287	  55.000	  75.000	   0.000	 230.000	 280.000
17:46:20:962	8,14053E+13	   17.620	    4.000	800	  12.594	 460.159	 127.822	   1.330	 259.929	  72.202	43	0	   0.548	   8.295	   2.304	  55.000	  75.000	   0.000	 230.000	 280.000
17:46:21:071	8,14056E+13	   17.728	    6.000	800	  11.540	 461.406	 128.168	   0.314	 259.963	  72.212	43	0	   0.534	   8.352	   2.320	  55.000	  75.000	   0.000	 230.000	 280.000
17:46:21:180	8,14059E+13	   17.838	    6.000	800	  11.555	 462.674	 128.521	   0.318	 259.998	  72.222	43	0	   0.562	   8.414	   2.337	  55.000	  75.000	   0.000	 230.000	 280.000
17:46:21:238	8,14061E+13	   17.896	    3.000	2600	  12.382	 463.396	 128.721	   1.272	 260.072	  72.242	43	0	   0.568	   8.447	   2.346	  55.000	  75.000	   0.000	 230.000	 280.000
																				
Total Elapsed Time (sec) = 17.896267											66,07926829									
Measured RDTSC Frequency (GHz) = 2.712																				
																				
Cumulative Processor Energy_0 (Joules) = 463.395935																				
Cumulative Processor Energy_0 (mWh) = 128.721093																				
Average Processor Power_0 (Watt) = 25.893440																				
																				
Cumulative IA Energy_0 (Joules) = 260.071838																				
Cumulative IA Energy_0 (mWh) = 72.242177																				
Average IA Power_0 (Watt) = 14.532183																				
																				
Cumulative DRAM Energy_0 (Joules) = 8.447083																				
Cumulative DRAM Energy_0 (mWh) = 2.346412																				
Average DRAM Power_0 (Watt) = 0.472002																				
